memory 1764 1 1 1100 -230 230 1 10 95
memory 1183 1 1 950 -230 230 1 36 85
memory 1338 1 1 950 230 -230 1 50 62
memory 1573 1 1 500 -230 230 1 21 78
memory 1763 1 1 650 -230 230 1 15 62
memory 2085 1 1 950 230 -230 1 28 75
memory 1242 1 1 950 230 -230 1 42 70
memory 1542 1 1 1100 230 -230 1 19 94
memory 1182 1 1 650 -230 230 1 5 98
memory 1595 1 1 500 230 -230 1 14 84
memory 1117 1 1 500 -230 230 1 38 71
memory 1552 1 1 500 -230 230 1 10 56
memory 1350 1 1 650 -230 230 1 13 81
memory 1181 1 1 500 230 -230 1 48 87
memory 1025 1 1 800 230 -230 1 33 56
memory 762 1 1 650 230 -230 1 36 53
memory 1251 1 1 650 -230 230 1 20 86
memory 958 1 1 500 230 -230 1 13 83
memory 1666 1 1 800 230 -230 1 23 55
memory 1541 1 1 800 -230 230 1 30 60
memory 1026 1 1 650 -230 230 1 42 92
memory 1364 1 1 800 -230 230 1 27 98
memory 959 1 1 650 -230 230 1 38 90
memory 1001 1 1 1100 -230 230 1 30 95
memory 1437 1 1 950 230 -230 1 27 86
memory 906 1 1 800 -230 230 1 14 92
memory 1026 1 1 950 230 -230 1 34 100
memory 1462 1 1 650 230 -230 1 47 97
memory 1372 1 1 650 -230 230 1 18 60
memory 938 1 1 500 -230 230 1 39 90
memory 1682 1 1 500 230 -230 1 17 71
memory 1342 1 1 950 230 -230 1 12 78
memory 896 1 1 500 -230 230 1 28 75
memory 959 1 1 950 230 -230 1 14 83
memory 1927 1 1 800 230 -230 1 29 70
memory 1203 1 1 650 -230 230 1 14 51
memory 1577 1 1 950 -230 230 1 50 57
memory 1540 1 1 950 230 -230 1 12 68
memory 1221 1 1 950 -230 230 1 46 64
memory 1041 1 1 800 230 -230 1 45 72
memory 905 1 1 950 -230 230 1 50 87
memory 837 1 1 650 230 -230 1 10 74
memory 759 1 1 500 -230 230 1 45 93
memory 1711 1 1 650 230 -230 1 9 93
memory 1275 1 1 500 230 -230 1 33 89
memory 1736 1 1 800 -230 230 1 44 82
memory 2178 1 1 650 230 -230 1 8 96
memory 915 1 1 500 230 -230 1 23 51
memory 1238 1 1 950 230 -230 1 46 90
memory 1383 1 1 500 -230 230 1 30 86
