memory 2611 2 2 950 -230 230 0 6 94
memory 1572 1 1 650 -230 230 1 16 86
memory 2447 1 1 500 -230 230 1 4 63
memory 2299 1 1 950 -230 230 1 15 69
memory 2158 2 2 650 -230 230 0 13 74
memory 1255 1 1 800 -230 230 1 14 56
memory 893 1 1 500 -230 230 1 11 71
memory 881 1 1 950 -230 230 1 37 95
memory 1629 1 1 500 230 -230 1 49 56
memory 2852 2 2 650 230 -230 0 17 82
memory 1766 1 1 500 -230 230 1 46 98
memory 2276 2 2 950 230 -230 0 49 94
memory 1638 1 1 950 230 -230 1 35 56
memory 3000 3 -1 800 230 -230 0 42 85
memory 1820 2 2 800 -230 230 0 40 82
memory 1630 1 1 950 -230 230 1 41 54
memory 1869 1 1 500 -230 230 1 17 90
memory 1631 1 1 650 230 -230 1 48 100
memory 2362 1 1 650 230 -230 1 25 76
memory 1664 1 1 950 -230 230 1 31 66
memory 2938 1 1 500 -230 230 1 30 69
memory 2809 2 2 950 230 -230 0 24 71
memory 1902 1 1 950 -230 230 1 30 73
memory 3000 3 -1 500 230 -230 0 40 51
memory 1824 1 1 950 -230 230 1 43 87
memory 2997 2 2 800 -230 230 0 13 82
memory 1510 1 1 800 230 -230 1 4 80
memory 1321 1 1 950 230 -230 1 35 66
memory 1260 1 1 950 230 -230 1 48 79
memory 2122 1 1 950 -230 230 1 43 89
memory 2722 1 1 950 230 -230 1 26 79
memory 1840 1 1 950 -230 230 1 48 89
memory 2043 1 1 800 230 -230 1 19 78
memory 3000 3 -1 950 -230 230 0 5 53
memory 1836 1 1 500 230 -230 1 33 62
memory 3000 3 -1 800 -230 230 0 32 78
memory 1274 1 1 650 230 -230 1 31 53
memory 1516 1 1 650 230 -230 1 39 55
memory 2759 2 2 800 -230 230 0 3 56
memory 3000 3 -1 1100 230 -230 0 1 84
memory 1640 1 1 650 230 -230 1 11 54
memory 2114 1 1 500 -230 230 1 19 54
memory 2358 1 1 950 230 -230 1 38 85
memory 2181 2 2 500 -230 230 0 45 83
memory 1362 2 2 950 -230 230 0 9 56
memory 1311 1 1 500 230 -230 1 39 100
memory 912 1 1 1100 230 -230 1 35 98
memory 2180 2 2 500 -230 230 0 3 58
memory 2271 1 1 650 -230 230 1 38 92
memory 1784 1 1 500 230 -230 1 11 99
