memory 2537 1 1 650 -230 230 1 34 91
memory 1735 1 1 800 230 -230 1 39 75
memory 2470 1 1 800 -230 230 1 20 100
memory 3000 3 -1 800 -230 230 0 20 75
memory 2546 1 1 650 -230 230 1 15 99
memory 2659 1 1 950 230 -230 1 12 97
memory 3000 3 -1 650 -230 230 0 21 92
memory 1597 1 1 500 230 -230 1 3 65
memory 1702 1 1 950 230 -230 1 44 98
memory 1839 1 1 500 -230 230 1 30 77
memory 1608 1 1 800 -230 230 1 6 79
memory 1542 1 1 650 -230 230 1 17 88
memory 1647 1 1 650 230 -230 1 7 82
memory 1456 1 1 950 230 -230 1 40 70
memory 2251 1 1 500 -230 230 1 23 73
memory 1631 1 1 800 -230 230 1 43 92
memory 1554 1 1 1100 230 -230 1 3 71
memory 2138 1 1 800 230 -230 1 18 98
memory 1787 1 1 800 -230 230 1 41 85
memory 1552 1 1 950 -230 230 1 37 71
memory 2374 1 1 950 -230 230 1 25 78
memory 1994 1 1 800 -230 230 1 7 56
memory 1664 1 1 500 230 -230 1 27 61
memory 1512 1 1 500 -230 230 1 38 58
memory 1497 1 1 500 230 -230 1 8 60
memory 1362 1 1 950 -230 230 1 30 61
memory 2145 2 2 800 230 -230 0 18 96
memory 3000 3 -1 800 -230 230 0 41 96
memory 2157 1 1 500 -230 230 1 31 67
memory 1957 1 1 650 230 -230 1 36 89
memory 2421 2 2 800 230 -230 0 12 84
memory 2096 1 1 1100 230 -230 1 41 79
memory 2646 1 1 650 230 -230 1 28 59
memory 1585 1 1 800 -230 230 1 14 86
memory 1697 2 2 800 -230 230 0 48 82
memory 1757 1 1 650 -230 230 1 6 60
memory 1418 1 1 950 -230 230 1 14 53
memory 2220 1 1 650 -230 230 1 41 87
memory 1444 1 1 650 230 -230 1 1 86
memory 1746 1 1 500 230 -230 1 24 77
memory 2018 1 1 950 230 -230 1 9 57
memory 1670 1 1 650 230 -230 1 39 94
memory 1814 1 1 800 -230 230 1 17 87
memory 969 1 1 950 -230 230 1 6 77
memory 1637 1 1 500 -230 230 1 32 65
memory 1085 1 1 500 -230 230 1 30 75
memory 1447 2 2 500 -230 230 0 35 94
memory 3000 3 -1 800 -230 230 0 18 84
memory 1551 1 1 950 230 -230 1 30 90
memory 3000 3 -1 650 230 -230 0 2 97
