memory 2351 1 1 500 230 -230 1 13 87
memory 1542 1 1 1100 230 -230 1 12 86
memory 1442 2 2 800 -230 230 0 30 94
memory 1691 1 1 1100 -230 230 1 15 70
memory 1202 1 1 650 -230 230 1 45 85
memory 1780 1 1 500 230 -230 1 39 92
memory 2440 1 1 500 230 -230 1 4 95
memory 1823 2 2 950 230 -230 0 37 87
memory 1642 1 1 800 -230 230 1 45 68
memory 1757 1 1 500 230 -230 1 47 73
memory 1761 1 1 650 230 -230 1 18 98
memory 1649 1 1 800 -230 230 1 23 53
memory 1529 1 1 650 -230 230 1 12 95
memory 1658 1 1 500 -230 230 1 10 57
memory 1745 1 1 500 230 -230 1 29 57
memory 1826 1 1 500 -230 230 1 23 100
memory 1892 1 1 800 230 -230 1 49 79
memory 1314 1 1 500 230 -230 1 46 55
memory 2059 1 1 950 -230 230 1 2 71
memory 1385 1 1 950 -230 230 1 10 62
memory 2291 1 1 950 230 -230 1 15 65
memory 2106 1 1 650 -230 230 1 40 79
memory 1744 1 1 800 230 -230 1 49 65
memory 3000 3 -1 800 230 -230 0 27 77
memory 1288 1 1 500 -230 230 1 45 68
memory 1901 1 1 800 -230 230 1 21 98
memory 2238 1 1 500 230 -230 1 12 79
memory 2814 1 1 500 230 -230 1 14 82
memory 2531 1 1 500 -230 230 1 40 89
memory 1252 1 1 500 -230 230 1 2 93
memory 2739 1 1 650 -230 230 1 26 79
memory 1952 1 1 650 230 -230 1 24 78
memory 2285 1 1 800 -230 230 1 17 89
memory 1666 1 1 800 230 -230 1 47 82
memory 1298 1 1 950 230 -230 1 25 58
memory 1622 1 1 500 -230 230 1 16 67
memory 1487 1 1 800 -230 230 1 25 73
memory 1667 1 1 650 230 -230 1 5 54
memory 1348 1 1 500 230 -230 1 23 75
memory 1876 1 1 650 -230 230 1 11 66
memory 1151 1 1 800 -230 230 1 17 55
memory 874 1 1 1100 -230 230 1 45 83
memory 1502 1 1 950 230 -230 1 40 93
memory 2279 1 1 1100 -230 230 1 14 65
memory 1660 1 1 800 230 -230 1 44 91
memory 2460 2 2 500 230 -230 0 42 78
memory 1550 1 1 650 230 -230 1 34 86
memory 3000 3 -1 650 -230 230 0 32 82
memory 1345 1 1 950 -230 230 1 29 68
memory 2742 1 1 650 230 -230 1 20 61
