memory 1775 2 2 650 -230 230 0 14 94
memory 1083 1 1 800 -230 230 1 30 89
memory 1224 1 1 650 -230 230 1 39 52
memory 1305 2 2 800 -230 230 0 34 55
memory 1614 1 1 950 230 -230 1 41 90
memory 1241 1 1 500 -230 230 1 2 72
memory 1157 2 2 800 -230 230 0 44 89
memory 1507 1 1 950 -230 230 1 26 83
memory 1346 1 1 650 230 -230 1 37 96
memory 1378 2 2 650 230 -230 0 46 62
memory 940 1 1 950 230 -230 1 8 57
memory 839 1 1 500 230 -230 1 33 90
memory 1719 2 2 650 -230 230 0 49 82
memory 1594 2 2 650 -230 230 0 1 72
memory 1954 2 2 500 230 -230 0 12 63
memory 1366 2 2 800 230 -230 0 36 59
memory 1035 1 1 500 230 -230 1 17 58
memory 1125 1 1 500 -230 230 1 6 78
memory 1306 2 2 800 -230 230 0 49 83
memory 1971 1 1 950 -230 230 1 47 85
memory 1226 1 1 500 230 -230 1 47 70
memory 1280 1 1 1100 -230 230 1 11 54
memory 1419 1 1 500 230 -230 1 30 66
memory 2009 2 2 650 -230 230 0 40 65
memory 1454 1 1 1100 230 -230 1 46 69
memory 716 2 2 800 -230 230 0 29 54
memory 1185 2 2 1100 230 -230 0 30 54
memory 947 1 1 500 230 -230 1 14 76
memory 1702 2 2 650 -230 230 0 5 95
memory 1407 1 1 500 230 -230 1 43 65
memory 1060 1 1 650 -230 230 1 6 85
memory 884 1 1 500 230 -230 1 24 69
memory 1526 1 1 800 -230 230 1 39 64
memory 1464 1 1 500 230 -230 1 2 59
memory 1115 1 1 950 -230 230 1 12 79
memory 1443 2 2 650 230 -230 0 31 94
memory 778 1 1 950 -230 230 1 24 96
memory 892 2 2 500 230 -230 0 30 59
memory 940 1 1 500 -230 230 1 23 58
memory 1875 1 1 500 -230 230 1 8 87
memory 1458 1 1 800 -230 230 1 38 63
memory 2084 1 1 500 230 -230 1 38 77
memory 1177 1 1 500 230 -230 1 8 65
memory 1340 1 1 650 230 -230 1 31 91
memory 1797 1 1 650 -230 230 1 3 60
memory 1139 1 1 650 230 -230 1 23 89
memory 1116 2 2 500 230 -230 0 34 100
memory 1148 1 1 500 230 -230 1 37 61
memory 1158 2 2 650 230 -230 0 45 100
memory 1509 2 2 500 230 -230 0 45 62
