memory 1521 1 1 950 -230 230 1 36 87
memory 816 1 1 800 230 -230 1 21 71
memory 1576 1 1 500 -230 230 1 37 51
memory 840 2 2 950 230 -230 0 50 74
memory 965 1 1 800 -230 230 1 14 57
memory 1866 1 1 500 -230 230 1 3 92
memory 2730 2 2 950 230 -230 0 19 89
memory 709 1 1 950 230 -230 1 38 65
memory 1045 2 2 800 -230 230 0 29 54
memory 885 2 2 1100 230 -230 0 25 74
memory 945 2 2 950 230 -230 0 29 94
memory 923 1 1 800 -230 230 1 41 91
memory 2343 1 1 650 -230 230 1 3 79
memory 772 1 1 950 -230 230 1 11 58
memory 631 1 1 500 -230 230 1 6 89
memory 625 2 2 500 230 -230 0 34 65
memory 605 1 1 950 -230 230 1 19 68
memory 576 2 2 500 230 -230 0 10 80
memory 1285 1 1 950 230 -230 1 15 85
memory 701 2 2 950 -230 230 0 38 63
memory 1193 2 2 650 -230 230 0 22 58
memory 1044 2 2 950 -230 230 0 16 67
memory 892 2 2 950 230 -230 0 35 64
memory 883 1 1 500 230 -230 1 3 61
memory 1447 1 1 650 230 -230 1 18 71
memory 1212 2 2 800 -230 230 0 26 61
memory 841 1 1 500 -230 230 1 18 58
memory 572 2 2 950 230 -230 0 36 59
memory 1026 2 2 800 -230 230 0 41 54
memory 1397 2 2 800 -230 230 0 19 57
memory 767 1 1 650 230 -230 1 7 99
memory 961 1 1 800 230 -230 1 47 67
memory 597 1 1 650 230 -230 1 42 93
memory 890 2 2 1100 230 -230 0 27 100
memory 656 2 2 800 230 -230 0 40 94
memory 474 1 1 950 -230 230 1 24 58
memory 686 1 1 800 -230 230 1 2 63
memory 909 2 2 650 -230 230 0 36 95
memory 1592 1 1 800 230 -230 1 45 96
memory 1086 1 1 950 -230 230 1 8 51
memory 785 1 1 800 230 -230 1 7 87
memory 1247 2 2 800 230 -230 0 17 75
memory 769 2 2 950 230 -230 0 48 76
memory 813 1 1 950 -230 230 1 48 98
memory 579 2 2 650 230 -230 0 25 55
memory 1202 1 1 1100 -230 230 1 34 51
memory 1325 1 1 1100 -230 230 1 9 68
memory 701 2 2 650 230 -230 0 44 56
memory 1020 2 2 650 -230 230 0 22 58
memory 1427 2 2 500 230 -230 0 45 74
