memory 1924 1 1 950 230 -230 1 6 78
memory 1029 1 1 950 -230 230 1 44 85
memory 959 1 1 1100 230 -230 1 48 71
memory 940 1 1 950 230 -230 1 48 93
memory 1338 1 1 500 230 -230 1 49 90
memory 2081 2 2 800 -230 230 0 4 80
memory 1256 1 1 650 -230 230 1 10 73
memory 1383 2 2 500 -230 230 0 32 57
memory 1810 1 1 650 -230 230 1 27 55
memory 1656 1 1 800 -230 230 1 20 77
memory 1376 1 1 500 230 -230 1 44 99
memory 1355 2 2 500 -230 230 0 34 70
memory 1015 2 2 500 -230 230 0 22 55
memory 1343 1 1 950 230 -230 1 1 90
memory 1312 1 1 500 230 -230 1 38 93
memory 1079 2 2 800 -230 230 0 10 71
memory 1553 2 2 500 -230 230 0 35 59
memory 2473 2 2 800 230 -230 0 43 55
memory 1330 2 2 650 230 -230 0 47 97
memory 1443 1 1 950 230 -230 1 14 67
memory 1216 1 1 950 -230 230 1 15 83
memory 3000 3 -1 800 230 -230 0 5 53
memory 1281 2 2 800 230 -230 0 29 59
memory 1524 2 2 800 -230 230 0 50 83
memory 1695 2 2 500 -230 230 0 12 52
memory 1231 1 1 950 -230 230 1 20 86
memory 1333 1 1 650 -230 230 1 26 87
memory 1826 1 1 500 230 -230 1 43 79
memory 2061 2 2 500 -230 230 0 50 98
memory 1163 2 2 950 -230 230 0 26 71
memory 917 1 1 950 230 -230 1 23 74
memory 1312 1 1 650 230 -230 1 47 89
memory 1047 2 2 950 230 -230 0 40 56
memory 1516 2 2 800 230 -230 0 2 65
memory 1955 1 1 800 230 -230 1 10 84
memory 948 1 1 500 230 -230 1 7 73
memory 1493 2 2 1100 230 -230 0 1 53
memory 955 2 2 500 -230 230 0 50 87
memory 1207 1 1 650 230 -230 1 3 56
memory 1062 2 2 650 -230 230 0 44 75
memory 968 1 1 650 -230 230 1 35 71
memory 695 2 2 950 230 -230 0 46 99
memory 1225 1 1 650 -230 230 1 24 93
memory 784 2 2 500 -230 230 0 50 72
memory 1391 1 1 950 -230 230 1 31 54
memory 1726 2 2 650 230 -230 0 43 59
memory 1856 1 1 500 230 -230 1 44 92
memory 682 1 1 650 230 -230 1 8 71
memory 1418 1 1 650 230 -230 1 43 52
memory 1326 1 1 500 230 -230 1 39 81
