memory 2015 1 1 500 230 -230 1 42 95
memory 1363 1 1 1100 230 -230 1 10 61
memory 1202 1 1 650 230 -230 1 31 70
memory 842 1 1 500 230 -230 1 24 99
memory 657 1 1 950 230 -230 1 6 82
memory 1353 2 2 950 -230 230 0 3 61
memory 1934 2 2 950 230 -230 0 29 76
memory 1495 1 1 950 -230 230 1 19 89
memory 1177 2 2 650 230 -230 0 37 75
memory 852 2 2 950 -230 230 0 12 57
memory 1231 1 1 500 230 -230 1 36 66
memory 1548 2 2 500 -230 230 0 26 80
memory 1664 1 1 500 230 -230 1 48 97
memory 1116 2 2 650 230 -230 0 26 83
memory 1161 1 1 500 230 -230 1 50 70
memory 1139 1 1 500 230 -230 1 29 57
memory 617 2 2 500 -230 230 0 39 73
memory 1622 2 2 800 -230 230 0 33 84
memory 1487 1 1 500 -230 230 1 2 83
memory 932 2 2 650 -230 230 0 26 99
memory 1266 1 1 650 230 -230 1 28 55
memory 977 2 2 800 -230 230 0 16 95
memory 1925 1 1 500 -230 230 1 8 90
memory 1965 1 1 800 230 -230 1 37 59
memory 1378 1 1 650 230 -230 1 18 60
memory 1196 2 2 800 -230 230 0 49 70
memory 1035 2 2 800 230 -230 0 38 98
memory 871 1 1 950 230 -230 1 12 91
memory 1325 2 2 650 230 -230 0 47 87
memory 866 1 1 800 230 -230 1 4 84
memory 1246 1 1 800 230 -230 1 25 86
memory 1493 1 1 650 -230 230 1 28 88
memory 1986 1 1 500 -230 230 1 5 92
memory 1729 1 1 950 230 -230 1 16 93
memory 772 1 1 800 230 -230 1 20 62
memory 1760 1 1 500 -230 230 1 14 64
memory 901 1 1 950 -230 230 1 17 66
memory 892 1 1 650 230 -230 1 7 83
memory 1804 2 2 800 -230 230 0 45 71
memory 1062 1 1 800 230 -230 1 7 97
memory 1677 1 1 950 -230 230 1 26 65
memory 800 2 2 800 -230 230 0 26 100
memory 1005 2 2 800 -230 230 0 42 64
memory 1417 2 2 650 230 -230 0 50 73
memory 1448 1 1 800 230 -230 1 6 99
memory 984 1 1 950 -230 230 1 15 95
memory 1258 2 2 950 -230 230 0 30 80
memory 631 2 2 800 -230 230 0 32 52
memory 1197 2 2 500 230 -230 0 28 72
memory 1346 2 2 650 -230 230 0 44 71
