memory 696 2 2 1100 230 -230 0 21 73
memory 1694 1 1 650 -230 230 1 46 53
memory 940 2 2 950 -230 230 0 47 99
memory 1260 2 2 950 -230 230 0 48 96
memory 1467 2 2 950 230 -230 0 48 55
memory 1717 2 2 1100 -230 230 0 35 79
memory 1094 1 1 500 230 -230 1 28 70
memory 1784 1 1 650 230 -230 1 44 92
memory 1268 1 1 950 -230 230 1 10 64
memory 1010 2 2 950 230 -230 0 13 84
memory 1021 1 1 650 230 -230 1 3 61
memory 1312 1 1 800 230 -230 1 46 65
memory 1017 1 1 500 230 -230 1 33 98
memory 1129 1 1 1100 -230 230 1 9 82
memory 1140 2 2 950 230 -230 0 5 59
memory 1242 1 1 800 230 -230 1 46 96
memory 1648 1 1 500 230 -230 1 35 74
memory 2250 1 1 500 -230 230 1 14 91
memory 985 1 1 950 -230 230 1 23 96
memory 1203 1 1 500 230 -230 1 49 60
memory 876 1 1 950 -230 230 1 23 80
memory 1917 2 2 800 230 -230 0 37 56
memory 902 1 1 650 230 -230 1 9 95
memory 1463 1 1 950 -230 230 1 19 86
memory 939 1 1 800 230 -230 1 49 69
memory 881 1 1 950 230 -230 1 28 94
memory 669 1 1 1100 230 -230 1 28 70
memory 1753 1 1 950 230 -230 1 1 95
memory 498 2 2 1100 230 -230 0 27 86
memory 633 2 2 950 230 -230 0 12 62
memory 1349 2 2 950 230 -230 0 33 83
memory 1956 2 2 500 230 -230 0 38 53
memory 1131 1 1 650 -230 230 1 36 87
memory 1321 1 1 650 -230 230 1 7 71
memory 1107 1 1 500 -230 230 1 49 59
memory 1184 2 2 800 -230 230 0 16 87
memory 1705 2 2 800 -230 230 0 22 62
memory 646 1 1 500 230 -230 1 49 52
memory 1480 2 2 800 230 -230 0 39 84
memory 1174 1 1 650 230 -230 1 8 82
memory 760 1 1 1100 230 -230 1 23 79
memory 1113 2 2 1100 -230 230 0 25 89
memory 1209 1 1 800 230 -230 1 1 71
memory 1864 2 2 800 230 -230 0 40 53
memory 934 2 2 800 230 -230 0 22 85
memory 2042 3 -1 800 230 -230 0 39 62
memory 1794 1 1 500 -230 230 1 35 78
memory 1502 1 1 950 -230 230 1 28 67
memory 1993 1 1 650 230 -230 1 32 79
memory 1707 1 1 650 230 -230 1 46 76
