memory 3000 3 -1 950 230 -230 0 29 77
memory 1628 1 1 1100 -230 230 1 25 84
memory 1671 2 2 500 230 -230 0 3 80
memory 1643 2 2 650 230 -230 0 26 57
memory 3000 3 -1 950 230 -230 0 26 79
memory 487 2 2 800 230 -230 0 46 72
memory 773 1 1 800 230 -230 1 25 88
memory 1931 1 1 800 230 -230 1 21 59
memory 1691 1 1 500 230 -230 1 6 93
memory 1341 1 1 950 230 -230 1 41 76
memory 1307 1 1 800 -230 230 1 36 58
memory 1383 2 2 650 230 -230 0 16 99
memory 2022 1 1 500 -230 230 1 6 66
memory 1274 1 1 950 230 -230 1 7 87
memory 960 1 1 500 230 -230 1 23 58
memory 1000 1 1 1100 230 -230 1 30 55
memory 989 2 2 1100 -230 230 0 32 73
memory 1106 1 1 650 230 -230 1 32 51
memory 2898 1 1 950 230 -230 1 5 86
memory 1980 1 1 500 230 -230 1 33 71
memory 1603 1 1 650 230 -230 1 18 67
memory 479 1 1 800 230 -230 1 8 96
memory 1020 1 1 950 230 -230 1 13 84
memory 1527 1 1 500 230 -230 1 48 83
memory 771 1 1 800 230 -230 1 1 61
memory 983 1 1 500 230 -230 1 30 91
memory 902 1 1 950 230 -230 1 24 86
memory 1822 2 2 650 -230 230 0 22 94
memory 606 1 1 950 230 -230 1 7 55
memory 869 1 1 500 230 -230 1 40 51
memory 1333 1 1 950 230 -230 1 50 66
memory 937 1 1 800 230 -230 1 50 56
memory 553 2 2 950 -230 230 0 46 77
memory 943 1 1 650 230 -230 1 36 68
memory 964 1 1 950 230 -230 1 15 69
memory 1433 2 2 800 -230 230 0 47 94
memory 843 1 1 650 230 -230 1 33 81
memory 604 2 2 950 -230 230 0 14 100
memory 1832 1 1 650 230 -230 1 47 68
memory 1254 1 1 800 230 -230 1 17 58
memory 666 2 2 650 -230 230 0 9 74
memory 969 1 1 500 230 -230 1 2 54
memory 1273 2 2 500 -230 230 0 5 82
memory 678 1 1 500 230 -230 1 32 89
memory 1613 2 2 950 -230 230 0 43 55
memory 967 2 2 650 -230 230 0 40 72
memory 773 1 1 950 230 -230 1 17 84
memory 2169 2 2 1100 -230 230 0 22 68
memory 1608 2 2 500 -230 230 0 27 92
memory 762 2 2 500 -230 230 0 30 53
