memory 2155 2 2 800 -230 230 0 21 83
memory 1238 2 2 1100 -230 230 0 16 85
memory 1299 2 2 800 -230 230 0 5 62
memory 1317 1 1 800 -230 230 1 35 79
memory 1703 2 2 650 -230 230 0 42 69
memory 1435 1 1 650 -230 230 1 28 94
memory 1630 2 2 950 230 -230 0 5 66
memory 1891 2 2 950 -230 230 0 20 91
memory 1397 1 1 650 230 -230 1 26 91
memory 2245 1 1 950 -230 230 1 27 68
memory 1791 1 1 500 -230 230 1 1 55
memory 1320 1 1 650 230 -230 1 17 89
memory 1073 1 1 800 -230 230 1 17 64
memory 1080 1 1 650 -230 230 1 10 51
memory 2580 1 1 950 -230 230 1 20 51
memory 1648 1 1 1100 230 -230 1 29 77
memory 1764 1 1 800 230 -230 1 49 55
memory 1286 1 1 650 -230 230 1 43 73
memory 2098 1 1 650 -230 230 1 27 72
memory 2274 1 1 650 -230 230 1 45 68
memory 1315 1 1 1100 230 -230 1 9 56
memory 3000 3 -1 950 -230 230 0 23 58
memory 2104 2 2 500 230 -230 0 42 70
memory 2120 2 2 650 230 -230 0 10 99
memory 1761 1 1 500 230 -230 1 35 100
memory 1805 2 2 650 -230 230 0 36 59
memory 1447 2 2 950 -230 230 0 31 62
memory 2238 1 1 800 230 -230 1 41 88
memory 1738 1 1 800 230 -230 1 49 68
memory 2763 2 2 500 -230 230 0 40 85
memory 1698 1 1 1100 -230 230 1 42 60
memory 3000 3 -1 950 -230 230 0 46 93
memory 1210 2 2 800 230 -230 0 26 95
memory 2990 1 1 950 -230 230 1 38 76
memory 1719 1 1 500 -230 230 1 5 98
memory 2236 1 1 800 -230 230 1 3 95
memory 1483 1 1 950 -230 230 1 49 62
memory 1870 1 1 800 -230 230 1 27 70
memory 2320 2 2 800 230 -230 0 33 73
memory 2235 1 1 650 230 -230 1 31 78
memory 1790 1 1 950 -230 230 1 1 96
memory 1978 2 2 650 -230 230 0 33 77
memory 1164 1 1 1100 230 -230 1 12 74
memory 1529 2 2 800 230 -230 0 34 92
memory 2138 1 1 500 230 -230 1 3 66
memory 3000 3 -1 950 230 -230 0 46 69
memory 1101 1 1 1100 -230 230 1 9 97
memory 1154 2 2 650 230 -230 0 16 77
memory 1892 2 2 950 230 -230 0 21 85
memory 1598 1 1 950 230 -230 1 27 88
