memory 3000 3 -1 650 230 -230 0 46 70
memory 1823 1 1 1100 -230 230 1 38 73
memory 1288 1 1 1100 230 -230 1 45 92
memory 1344 1 1 950 230 -230 1 29 54
memory 2119 2 2 500 230 -230 0 27 57
memory 1984 1 1 800 -230 230 1 17 81
memory 1578 1 1 500 230 -230 1 45 95
memory 1789 1 1 800 230 -230 1 4 75
memory 1692 2 2 950 230 -230 0 4 51
memory 1767 1 1 500 -230 230 1 14 65
memory 1307 2 2 800 -230 230 0 9 96
memory 1430 1 1 1100 -230 230 1 7 94
memory 1778 1 1 500 -230 230 1 34 72
memory 3000 3 -1 950 230 -230 0 47 86
memory 1576 2 2 500 230 -230 0 22 95
memory 2968 1 1 950 -230 230 1 50 51
memory 2402 1 1 800 -230 230 1 38 85
memory 2051 1 1 1100 230 -230 1 4 65
memory 1800 2 2 950 -230 230 0 34 73
memory 788 1 1 650 -230 230 1 4 72
memory 1909 2 2 800 230 -230 0 17 51
memory 1445 1 1 500 230 -230 1 28 79
memory 1150 1 1 500 230 -230 1 22 89
memory 2550 2 2 800 230 -230 0 15 76
memory 1626 2 2 650 -230 230 0 3 98
memory 1847 2 2 500 -230 230 0 3 53
memory 1526 2 2 500 -230 230 0 40 67
memory 1736 1 1 500 230 -230 1 4 73
memory 2911 1 1 950 -230 230 1 2 57
memory 1462 1 1 650 230 -230 1 33 73
memory 1196 1 1 500 -230 230 1 13 66
memory 1537 1 1 950 230 -230 1 33 82
memory 1407 1 1 1100 -230 230 1 23 87
memory 839 1 1 500 -230 230 1 8 85
memory 310 2 2 650 -230 230 0 1 93
memory 546 2 2 950 230 -230 0 34 71
memory 656 2 2 1100 -230 230 0 39 95
memory 1476 2 2 500 -230 230 0 45 51
memory 1314 2 2 650 -230 230 0 30 53
memory 1218 2 2 800 230 -230 0 12 73
memory 1316 2 2 950 -230 230 0 25 73
memory 945 2 2 1100 230 -230 0 46 79
memory 1500 1 1 500 230 -230 1 24 58
memory 1295 1 1 500 230 -230 1 36 63
memory 796 1 1 1100 -230 230 1 32 88
memory 883 2 2 1100 -230 230 0 27 93
memory 606 1 1 800 230 -230 1 37 88
memory 746 1 1 650 230 -230 1 29 73
memory 1158 1 1 950 230 -230 1 5 72
memory 932 1 1 950 -230 230 1 13 65
