memory 1737 1 1 950 230 -230 1 38 85
memory 2942 1 1 950 230 -230 1 14 73
memory 1918 1 1 950 230 -230 1 5 73
memory 2364 1 1 500 -230 230 1 13 71
memory 2517 1 1 1100 -230 230 1 9 52
memory 3000 3 -1 950 -230 230 0 42 55
memory 1956 1 1 500 -230 230 1 33 62
memory 1781 1 1 800 230 -230 1 8 90
memory 1323 1 1 950 230 -230 1 23 97
memory 3000 3 -1 500 -230 230 0 9 78
memory 1000 1 1 950 230 -230 1 39 91
memory 2155 1 1 650 -230 230 1 1 94
memory 1666 1 1 950 -230 230 1 27 95
memory 3000 3 -1 650 230 -230 0 42 52
memory 1814 1 1 500 -230 230 1 10 59
memory 2653 1 1 500 -230 230 1 48 97
memory 2641 1 1 950 -230 230 1 20 87
memory 1598 1 1 950 230 -230 1 13 72
memory 1678 1 1 650 230 -230 1 44 57
memory 2007 1 1 800 -230 230 1 37 78
memory 1849 1 1 950 230 -230 1 43 83
memory 1313 1 1 800 -230 230 1 7 86
memory 1507 1 1 800 -230 230 1 43 71
memory 2050 1 1 500 230 -230 1 25 88
memory 2073 1 1 800 230 -230 1 38 72
memory 1580 1 1 950 230 -230 1 36 79
memory 1821 1 1 1100 230 -230 1 22 65
memory 1907 1 1 950 230 -230 1 45 87
memory 1476 1 1 500 -230 230 1 22 69
memory 1469 1 1 950 -230 230 1 26 52
memory 1351 1 1 800 -230 230 1 46 85
memory 1529 1 1 500 -230 230 1 11 67
memory 2241 1 1 800 230 -230 1 11 63
memory 2274 1 1 1100 230 -230 1 12 56
memory 1423 1 1 650 230 -230 1 10 99
memory 1977 1 1 950 230 -230 1 13 79
memory 1198 1 1 950 -230 230 1 26 55
memory 893 1 1 950 -230 230 1 3 97
memory 1204 2 2 800 230 -230 0 14 53
memory 1136 1 1 950 -230 230 1 37 61
memory 1557 1 1 650 230 -230 1 1 83
memory 1582 1 1 950 230 -230 1 18 69
memory 1329 1 1 1100 230 -230 1 42 94
memory 1212 1 1 650 230 -230 1 19 56
memory 706 1 1 950 230 -230 1 7 95
memory 2418 1 1 500 -230 230 1 34 60
memory 2238 1 1 500 230 -230 1 48 98
memory 3000 3 -1 500 230 -230 0 50 90
memory 599 1 1 500 230 -230 1 39 66
memory 1005 1 1 650 -230 230 1 15 100
