memory 1639 1 1 650 -230 230 1 38 94
memory 871 1 1 650 -230 230 1 11 53
memory 1278 1 1 500 -230 230 1 37 61
memory 1001 1 1 800 -230 230 1 8 96
memory 1124 1 1 800 230 -230 1 26 65
memory 757 1 1 950 -230 230 1 18 83
memory 888 2 2 500 230 -230 0 30 97
memory 1102 2 2 500 -230 230 0 9 53
memory 696 1 1 950 230 -230 1 1 88
memory 1246 1 1 950 -230 230 1 32 92
memory 1165 2 2 950 -230 230 0 5 85
memory 765 1 1 650 230 -230 1 28 60
memory 1678 2 2 800 -230 230 0 35 99
memory 1928 2 2 950 -230 230 0 13 63
memory 894 1 1 950 230 -230 1 1 70
memory 1137 1 1 1100 -230 230 1 34 85
memory 820 1 1 500 230 -230 1 19 91
memory 1012 1 1 650 230 -230 1 38 68
memory 1176 1 1 500 230 -230 1 45 71
memory 1028 1 1 800 -230 230 1 12 92
memory 1205 1 1 800 230 -230 1 5 92
memory 936 2 2 800 -230 230 0 50 59
memory 566 2 2 800 -230 230 0 30 71
memory 969 1 1 950 230 -230 1 37 76
memory 497 1 1 500 230 -230 1 29 51
memory 698 1 1 500 230 -230 1 44 90
memory 731 2 2 800 230 -230 0 36 90
memory 1039 1 1 800 -230 230 1 11 53
memory 1073 2 2 800 -230 230 0 20 88
memory 935 1 1 500 -230 230 1 48 81
memory 496 1 1 800 230 -230 1 10 54
memory 690 1 1 800 230 -230 1 20 71
memory 934 1 1 500 230 -230 1 45 77
memory 921 2 2 500 -230 230 0 42 73
memory 1128 1 1 800 -230 230 1 22 100
memory 1125 1 1 800 230 -230 1 50 62
memory 724 2 2 800 -230 230 0 12 57
memory 1152 2 2 950 230 -230 0 15 81
memory 1040 1 1 650 -230 230 1 22 79
memory 2002 2 2 950 230 -230 0 40 54
memory 944 2 2 650 -230 230 0 27 57
memory 2202 2 2 500 230 -230 0 5 75
memory 2081 1 1 650 230 -230 1 46 98
memory 2797 1 1 650 -230 230 1 10 60
memory 2059 2 2 650 -230 230 0 25 66
memory 1632 1 1 800 230 -230 1 27 65
memory 1502 1 1 650 -230 230 1 29 69
memory 2050 1 1 650 230 -230 1 23 65
memory 2437 2 2 800 230 -230 0 3 58
memory 2357 2 2 800 230 -230 0 23 78
