memory 1239 2 2 500 -230 230 0 4 92
memory 1504 1 1 800 230 -230 1 3 60
memory 991 2 2 800 230 -230 0 39 60
memory 2312 1 1 650 -230 230 1 32 57
memory 1887 2 2 950 230 -230 0 7 78
memory 1239 1 1 500 230 -230 1 18 96
memory 1245 1 1 950 -230 230 1 35 93
memory 1069 2 2 950 -230 230 0 13 77
memory 1648 1 1 650 230 -230 1 22 66
memory 1368 1 1 800 230 -230 1 36 81
memory 1105 1 1 1100 230 -230 1 16 52
memory 929 1 1 1100 230 -230 1 46 91
memory 1777 1 1 800 -230 230 1 40 90
memory 1059 1 1 950 230 -230 1 26 63
memory 1300 1 1 800 230 -230 1 36 55
memory 1669 2 2 650 -230 230 0 2 51
memory 1581 2 2 500 -230 230 0 29 70
memory 1378 2 2 950 -230 230 0 25 90
memory 1350 1 1 650 230 -230 1 30 77
memory 1657 1 1 500 -230 230 1 5 95
memory 2630 2 2 950 230 -230 0 49 55
memory 1959 2 2 950 -230 230 0 32 99
memory 1216 1 1 950 -230 230 1 26 83
memory 886 2 2 650 -230 230 0 41 89
memory 1434 1 1 950 230 -230 1 37 57
memory 1464 1 1 500 -230 230 1 42 81
memory 1123 1 1 500 230 -230 1 9 93
memory 724 2 2 1100 230 -230 0 41 85
memory 652 2 2 650 -230 230 0 2 98
memory 827 2 2 1100 230 -230 0 35 64
memory 644 2 2 1100 -230 230 0 20 68
memory 1103 1 1 650 230 -230 1 37 99
memory 1320 1 1 800 230 -230 1 3 69
memory 2206 2 2 950 -230 230 0 42 96
memory 1425 1 1 950 230 -230 1 15 54
memory 1062 2 2 950 230 -230 0 44 86
memory 1002 1 1 500 230 -230 1 23 54
memory 1522 1 1 500 -230 230 1 3 89
memory 894 1 1 950 230 -230 1 42 83
memory 1130 1 1 950 -230 230 1 12 79
memory 1123 1 1 500 230 -230 1 25 59
memory 1356 2 2 950 230 -230 0 45 51
memory 896 1 1 1100 -230 230 1 34 83
memory 987 1 1 500 230 -230 1 44 53
memory 1912 1 1 800 230 -230 1 37 96
memory 1240 2 2 800 -230 230 0 43 99
memory 965 1 1 800 -230 230 1 25 54
memory 933 1 1 650 230 -230 1 5 59
memory 905 1 1 800 230 -230 1 45 78
memory 881 1 1 650 230 -230 1 47 76
