memory 1776 2 2 500 230 -230 0 28 73
memory 1516 2 2 800 230 -230 0 40 98
memory 1202 1 1 800 230 -230 1 17 71
memory 1147 1 1 650 230 -230 1 42 86
memory 775 1 1 950 230 -230 1 17 61
memory 1319 1 1 800 230 -230 1 37 84
memory 1322 2 2 650 -230 230 0 37 87
memory 1254 2 2 800 230 -230 0 43 60
memory 1284 1 1 950 -230 230 1 8 52
memory 800 2 2 800 230 -230 0 41 98
memory 1591 1 1 650 -230 230 1 5 58
memory 1276 2 2 1100 230 -230 0 5 57
memory 1206 1 1 950 230 -230 1 9 60
memory 1287 1 1 500 230 -230 1 21 80
memory 1728 2 2 650 -230 230 0 46 83
memory 781 1 1 950 230 -230 1 36 64
memory 998 1 1 800 230 -230 1 36 83
memory 784 1 1 800 230 -230 1 41 71
memory 685 1 1 650 230 -230 1 35 100
memory 975 1 1 500 230 -230 1 30 68
memory 885 2 2 650 -230 230 0 43 73
memory 1255 1 1 500 -230 230 1 33 99
memory 598 1 1 1100 -230 230 1 48 55
memory 1082 1 1 650 230 -230 1 19 63
memory 906 1 1 950 230 -230 1 25 79
memory 761 1 1 800 230 -230 1 15 72
memory 1761 2 2 800 230 -230 0 13 89
memory 1536 1 1 800 -230 230 1 35 97
memory 1495 1 1 500 -230 230 1 26 76
memory 1126 1 1 800 230 -230 1 50 61
memory 1542 1 1 800 -230 230 1 30 55
memory 794 1 1 650 -230 230 1 29 82
memory 1601 1 1 500 230 -230 1 33 55
memory 1224 1 1 950 -230 230 1 11 58
memory 1213 1 1 650 230 -230 1 44 79
memory 1190 1 1 950 -230 230 1 2 92
memory 1306 1 1 800 -230 230 1 16 57
memory 1018 1 1 650 -230 230 1 49 66
memory 657 1 1 800 -230 230 1 21 65
memory 970 1 1 800 -230 230 1 42 82
memory 1021 1 1 950 -230 230 1 26 79
memory 1344 1 1 1100 230 -230 1 1 83
memory 885 1 1 800 230 -230 1 20 90
memory 1104 1 1 800 230 -230 1 13 77
memory 1557 1 1 500 -230 230 1 1 81
memory 997 1 1 950 230 -230 1 48 99
memory 857 1 1 950 230 -230 1 21 94
memory 1500 1 1 1100 -230 230 1 40 66
memory 1551 1 1 500 230 -230 1 21 75
memory 1773 1 1 650 230 -230 1 29 96
