memory 1504 1 1 800 -230 230 1 43 99
memory 891 1 1 500 -230 230 1 10 59
memory 860 1 1 500 -230 230 1 14 70
memory 1239 1 1 1100 230 -230 1 19 96
memory 1394 1 1 500 230 -230 1 48 93
memory 1136 1 1 950 230 -230 1 8 71
memory 1877 1 1 800 230 -230 1 13 56
memory 983 1 1 950 -230 230 1 16 84
memory 1160 1 1 950 230 -230 1 34 53
memory 2752 2 2 500 -230 230 0 13 67
memory 1888 1 1 800 230 -230 1 22 94
memory 944 1 1 500 230 -230 1 43 62
memory 2009 1 1 950 230 -230 1 12 66
memory 1085 1 1 1100 -230 230 1 27 55
memory 769 1 1 650 -230 230 1 39 69
memory 851 1 1 950 230 -230 1 24 92
memory 940 1 1 950 230 -230 1 34 62
memory 1732 2 2 500 230 -230 0 38 91
memory 1551 2 2 650 230 -230 0 9 58
memory 1920 1 1 650 -230 230 1 24 58
memory 1969 2 2 500 -230 230 0 47 56
memory 2284 2 2 950 -230 230 0 5 64
memory 1647 1 1 650 -230 230 1 26 99
memory 1394 1 1 500 -230 230 1 50 55
memory 1794 1 1 500 -230 230 1 22 69
memory 1093 1 1 950 230 -230 1 27 90
memory 1370 1 1 500 -230 230 1 37 59
memory 1385 1 1 500 -230 230 1 44 62
memory 2507 2 2 800 230 -230 0 20 91
memory 2761 1 1 1100 230 -230 1 11 59
memory 946 1 1 800 -230 230 1 12 71
memory 997 1 1 500 -230 230 1 36 56
memory 1592 1 1 650 -230 230 1 24 52
memory 959 1 1 500 -230 230 1 12 77
memory 1306 1 1 800 230 -230 1 19 60
memory 1014 1 1 1100 -230 230 1 24 99
memory 1130 2 2 500 230 -230 0 46 91
memory 1587 2 2 950 230 -230 0 29 83
memory 1329 2 2 1100 -230 230 0 49 53
memory 978 1 1 650 -230 230 1 27 55
memory 1740 2 2 800 230 -230 0 40 81
memory 1458 1 1 1100 -230 230 1 23 79
memory 1289 2 2 950 -230 230 0 7 56
memory 907 1 1 800 -230 230 1 45 58
memory 644 1 1 800 -230 230 1 12 78
memory 2717 2 2 950 230 -230 0 7 98
memory 1735 2 2 650 -230 230 0 32 80
memory 1740 2 2 800 230 -230 0 18 100
memory 943 1 1 650 -230 230 1 35 96
memory 1043 2 2 950 -230 230 0 46 75
