memory 1240 1 1 650 -230 230 1 16 61
memory 1113 1 1 650 230 -230 1 20 73
memory 2183 1 1 650 -230 230 1 48 94
memory 1102 1 1 500 230 -230 1 48 68
memory 1537 1 1 500 230 -230 1 16 66
memory 1168 1 1 1100 230 -230 1 50 64
memory 1020 1 1 950 230 -230 1 13 68
memory 2670 1 1 500 230 -230 1 31 71
memory 2857 1 1 500 230 -230 1 31 97
memory 2632 1 1 800 230 -230 1 22 82
memory 3000 3 -1 950 -230 230 0 48 80
memory 1500 1 1 1100 230 -230 1 33 95
memory 1525 1 1 500 -230 230 1 37 96
memory 1222 1 1 500 230 -230 1 32 71
memory 2199 1 1 950 -230 230 1 9 62
memory 1327 1 1 950 -230 230 1 45 72
memory 1693 1 1 950 230 -230 1 45 72
memory 3000 3 -1 950 230 -230 0 48 65
memory 1737 1 1 500 230 -230 1 28 91
memory 1734 1 1 650 230 -230 1 20 85
memory 2473 2 2 800 -230 230 0 2 61
memory 1389 1 1 950 230 -230 1 13 95
memory 1717 1 1 500 -230 230 1 29 86
memory 2582 1 1 950 -230 230 1 50 53
memory 3000 3 -1 1100 230 -230 0 10 54
memory 1582 1 1 1100 -230 230 1 13 51
memory 3000 3 -1 650 230 -230 0 40 59
memory 1454 1 1 650 -230 230 1 15 86
memory 2005 2 3 800 -230 230 0 43 61
memory 1222 1 1 950 -230 230 1 36 99
memory 1247 1 1 1100 -230 230 1 14 98
memory 1069 1 1 500 -230 230 1 3 73
memory 2570 2 2 650 -230 230 0 17 64
memory 3000 3 -1 500 230 -230 0 10 98
memory 1732 1 1 500 230 -230 1 7 92
memory 2479 1 1 650 230 -230 1 5 82
memory 2433 2 2 650 230 -230 0 10 64
memory 2247 1 1 800 230 -230 1 27 96
memory 2179 1 1 950 230 -230 1 32 60
memory 2194 1 1 950 230 -230 1 49 70
memory 1306 1 1 800 -230 230 1 30 87
memory 2016 1 1 650 -230 230 1 12 95
memory 2131 1 1 650 -230 230 1 11 62
memory 2211 1 1 650 -230 230 1 32 89
memory 1885 1 1 950 -230 230 1 45 99
memory 1679 1 1 950 -230 230 1 1 81
memory 2281 1 1 500 230 -230 1 29 80
memory 3000 3 -1 500 230 -230 0 13 98
memory 2159 2 2 800 230 -230 0 4 56
memory 1395 1 1 500 230 -230 1 21 99
