memory 784 2 2 950 -230 230 0 28 76
memory 1604 2 2 650 230 -230 0 15 56
memory 816 2 2 650 -230 230 0 46 79
memory 1380 1 1 800 230 -230 1 9 74
memory 1442 1 1 950 230 -230 1 13 69
memory 1496 1 1 800 230 -230 1 16 60
memory 923 1 1 650 230 -230 1 33 67
memory 1417 2 2 800 -230 230 0 40 72
memory 1674 1 1 1100 -230 230 1 7 68
memory 1183 2 2 650 -230 230 0 42 57
memory 2352 2 2 950 -230 230 0 43 62
memory 2100 2 2 650 -230 230 0 49 78
memory 2344 2 2 500 230 -230 0 47 58
memory 1424 2 2 800 -230 230 0 35 58
memory 1347 1 1 650 230 -230 1 13 77
memory 921 2 2 650 -230 230 0 5 73
memory 1781 2 2 950 230 -230 0 5 63
memory 1318 2 2 500 230 -230 0 29 71
memory 1692 2 2 800 -230 230 0 26 53
memory 1587 1 1 650 -230 230 1 3 100
memory 1215 2 2 950 -230 230 0 27 88
memory 1239 2 2 800 230 -230 0 35 71
memory 1031 2 2 800 230 -230 0 50 99
memory 1020 1 1 950 230 -230 1 8 94
memory 1387 1 1 800 -230 230 1 8 88
memory 802 2 2 950 230 -230 0 50 58
memory 1869 1 1 1100 -230 230 1 41 51
memory 1066 2 2 500 230 -230 0 35 64
memory 893 1 1 800 -230 230 1 6 82
memory 1538 1 1 500 -230 230 1 17 92
memory 1282 1 1 800 230 -230 1 13 80
memory 2249 2 2 800 230 -230 0 46 92
memory 1098 2 2 800 -230 230 0 35 53
memory 1790 3 -1 800 230 -230 0 12 93
memory 1372 1 1 950 -230 230 1 33 66
memory 3001 2 2 800 -230 230 0 32 67
memory 1784 1 1 950 230 -230 1 45 93
memory 858 1 1 800 -230 230 1 15 67
memory 1391 2 2 950 230 -230 0 11 53
memory 829 2 2 950 -230 230 0 45 57
memory 1016 1 1 500 -230 230 1 11 65
memory 1080 1 1 650 -230 230 1 17 76
memory 865 2 2 500 230 -230 0 38 56
memory 1057 2 2 500 -230 230 0 50 88
memory 839 2 2 1100 230 -230 0 25 56
memory 870 1 1 800 230 -230 1 23 97
memory 587 1 1 800 -230 230 1 39 99
memory 828 2 2 800 -230 230 0 43 53
memory 618 2 2 500 -230 230 0 40 55
memory 1066 1 1 500 -230 230 1 8 78
