memory 1469 1 1 500 -230 230 1 47 60
memory 1770 2 2 950 230 -230 0 24 67
memory 2483 2 2 500 -230 230 0 31 76
memory 1196 1 1 950 -230 230 1 25 95
memory 1912 1 1 650 230 -230 1 25 78
memory 1456 1 1 950 -230 230 1 32 89
memory 2880 1 1 650 230 -230 1 42 92
memory 2009 1 1 650 230 -230 1 45 68
memory 1970 2 2 800 230 -230 0 22 92
memory 1485 1 1 950 230 -230 1 49 85
memory 3000 3 -1 650 230 -230 0 28 64
memory 1443 2 2 950 -230 230 0 38 56
memory 1941 1 1 950 -230 230 1 27 66
memory 1978 1 1 950 -230 230 1 24 88
memory 1870 2 2 650 230 -230 0 14 51
memory 1871 2 2 500 230 -230 0 9 60
memory 1636 1 1 500 230 -230 1 42 67
memory 1168 2 2 800 -230 230 0 39 86
memory 1670 1 1 500 -230 230 1 30 74
memory 1701 1 1 800 -230 230 1 50 70
memory 1214 1 1 500 230 -230 1 10 85
memory 1525 1 1 650 -230 230 1 4 80
memory 997 1 1 500 -230 230 1 24 69
memory 1366 2 2 650 -230 230 0 20 76
memory 1481 1 1 1100 -230 230 1 40 99
memory 1228 1 1 950 230 -230 1 12 81
memory 1162 1 1 500 -230 230 1 30 59
memory 1280 1 1 800 230 -230 1 29 91
memory 1404 2 2 500 230 -230 0 34 72
memory 1702 2 2 800 230 -230 0 34 68
memory 2467 1 1 950 230 -230 1 47 67
memory 1938 1 1 800 230 -230 1 7 93
memory 1222 1 1 800 230 -230 1 20 84
memory 1671 2 2 650 230 -230 0 26 70
memory 1633 1 1 800 230 -230 1 17 96
memory 2573 1 1 800 -230 230 1 13 85
memory 1756 2 2 500 230 -230 0 21 64
memory 1109 2 2 500 -230 230 0 45 76
memory 1247 1 1 950 -230 230 1 22 79
memory 1524 1 1 950 230 -230 1 15 100
memory 1311 1 1 500 230 -230 1 47 93
memory 2621 1 1 500 230 -230 1 33 75
memory 1845 2 2 800 -230 230 0 35 54
memory 1260 1 1 1100 -230 230 1 19 69
memory 1033 1 1 950 -230 230 1 38 72
memory 2071 2 2 800 -230 230 0 26 79
memory 1684 2 2 650 230 -230 0 4 81
memory 1812 1 1 650 -230 230 1 25 68
memory 1121 2 2 500 230 -230 0 43 68
memory 1992 1 1 1100 230 -230 1 10 83
