memory 503 1 1 650 -230 230 1 42 77
memory 1102 1 1 950 230 -230 1 30 88
memory 1715 1 1 800 230 -230 1 13 62
memory 1250 1 1 800 -230 230 1 40 58
memory 1119 1 1 800 -230 230 1 34 74
memory 1219 1 1 800 230 -230 1 9 53
memory 981 2 2 650 -230 230 0 50 75
memory 1005 1 1 950 230 -230 1 29 82
memory 1444 2 2 500 -230 230 0 32 98
memory 1346 2 2 650 -230 230 0 26 57
memory 666 1 1 650 230 -230 1 29 86
memory 1509 2 2 1100 -230 230 0 50 67
memory 706 1 1 500 -230 230 1 9 93
memory 739 1 1 800 -230 230 1 16 87
memory 874 1 1 950 -230 230 1 4 83
memory 1761 1 1 800 230 -230 1 33 88
memory 901 1 1 800 230 -230 1 19 79
memory 1427 2 2 800 -230 230 0 48 73
memory 1805 2 2 650 -230 230 0 2 72
memory 748 2 2 800 -230 230 0 2 71
memory 1634 1 1 950 -230 230 1 27 88
memory 1150 2 2 500 -230 230 0 32 87
memory 1060 1 1 1100 230 -230 1 43 70
memory 1456 1 1 800 -230 230 1 15 95
memory 1197 1 1 800 230 -230 1 16 78
memory 989 2 2 950 -230 230 0 50 56
memory 1648 1 1 650 -230 230 1 38 51
memory 1968 1 1 500 230 -230 1 50 78
memory 808 1 1 950 230 -230 1 37 97
memory 652 1 1 800 230 -230 1 28 78
memory 1191 1 1 1100 -230 230 1 7 60
memory 871 1 1 800 230 -230 1 11 84
memory 1790 1 1 650 230 -230 1 47 78
memory 853 2 2 1100 -230 230 0 29 81
memory 764 2 2 950 -230 230 0 20 73
memory 1672 2 2 1100 230 -230 0 24 64
memory 1231 1 1 500 230 -230 1 34 75
memory 1474 1 1 800 -230 230 1 50 57
memory 930 2 2 500 -230 230 0 43 56
memory 1116 2 2 800 230 -230 0 21 95
memory 874 2 2 500 -230 230 0 13 87
memory 1401 2 2 650 230 -230 0 25 67
memory 1654 2 2 950 -230 230 0 44 66
memory 1223 2 2 500 230 -230 0 2 75
memory 890 1 1 500 -230 230 1 6 88
memory 1463 2 2 1100 -230 230 0 32 64
memory 915 1 1 950 230 -230 1 21 51
memory 831 2 2 650 -230 230 0 21 53
memory 1420 2 2 650 230 -230 0 46 56
memory 1184 2 2 500 230 -230 0 22 73
