memory 1938 2 2 500 -230 230 0 31 86
memory 986 1 1 950 -230 230 1 24 63
memory 1398 1 1 500 -230 230 1 49 89
memory 1105 1 1 950 -230 230 1 24 68
memory 712 2 2 950 230 -230 0 39 79
memory 983 1 1 800 -230 230 1 17 55
memory 1539 1 1 950 -230 230 1 32 66
memory 1065 2 2 800 230 -230 0 18 91
memory 1011 1 1 650 -230 230 1 33 89
memory 1360 1 1 950 -230 230 1 15 80
memory 1070 1 1 1100 230 -230 1 4 78
memory 1476 1 1 500 230 -230 1 9 74
memory 1565 1 1 500 230 -230 1 3 77
memory 1610 2 2 800 230 -230 0 23 71
memory 2075 1 1 500 -230 230 1 12 58
memory 1009 1 1 500 230 -230 1 36 66
memory 1026 1 1 500 230 -230 1 43 89
memory 888 1 1 650 230 -230 1 10 72
memory 1204 1 1 800 -230 230 1 25 87
memory 1208 1 1 950 -230 230 1 9 100
memory 774 1 1 500 -230 230 1 8 61
memory 1781 2 2 800 230 -230 0 12 64
memory 1241 1 1 800 230 -230 1 42 94
memory 1561 1 1 950 -230 230 1 32 78
memory 1355 1 1 800 230 -230 1 16 80
memory 1236 1 1 950 -230 230 1 37 96
memory 1401 1 1 650 -230 230 1 16 94
memory 1130 1 1 650 230 -230 1 39 86
memory 673 1 1 500 230 -230 1 3 67
memory 679 1 1 800 230 -230 1 33 96
memory 942 1 1 950 -230 230 1 39 92
memory 1040 1 1 650 230 -230 1 28 51
memory 1233 2 2 500 230 -230 0 40 62
memory 1686 2 2 800 230 -230 0 22 88
memory 1076 2 2 800 230 -230 0 6 82
memory 832 1 1 650 -230 230 1 34 77
memory 984 1 1 950 230 -230 1 26 68
memory 1949 1 1 500 -230 230 1 36 68
memory 1211 2 2 650 230 -230 0 48 96
memory 1940 1 1 650 230 -230 1 14 97
memory 1423 1 1 650 230 -230 1 2 80
memory 551 1 1 950 230 -230 1 25 72
memory 811 1 1 650 230 -230 1 2 56
memory 1608 1 1 650 -230 230 1 3 62
memory 863 1 1 950 230 -230 1 39 68
memory 1338 2 2 500 230 -230 0 11 54
memory 1178 1 1 800 -230 230 1 9 92
memory 901 1 1 500 230 -230 1 36 92
memory 1408 2 2 950 -230 230 0 10 53
memory 597 1 1 950 230 -230 1 24 87
