memory 1339 1 1 1100 -230 230 1 17 81
memory 3000 3 -1 950 230 -230 0 18 89
memory 1287 2 2 650 -230 230 0 37 77
memory 1184 1 1 950 230 -230 1 14 60
memory 1453 1 1 800 -230 230 1 23 80
memory 702 1 1 800 -230 230 1 17 58
memory 1495 1 1 650 230 -230 1 1 85
memory 1146 1 1 950 -230 230 1 10 68
memory 1042 1 1 500 -230 230 1 24 85
memory 1353 1 1 500 230 -230 1 24 57
memory 1043 2 2 650 -230 230 0 34 72
memory 1160 1 1 1100 230 -230 1 16 67
memory 895 1 1 800 -230 230 1 42 81
memory 1465 1 1 650 230 -230 1 26 96
memory 920 1 1 500 -230 230 1 8 66
memory 932 1 1 950 230 -230 1 2 66
memory 659 1 1 500 230 -230 1 7 94
memory 1085 2 2 650 -230 230 0 46 65
memory 1106 2 2 650 230 -230 0 22 72
memory 1881 2 2 1100 230 -230 0 40 70
memory 714 1 1 500 230 -230 1 42 96
memory 1758 1 1 800 -230 230 1 43 95
memory 1006 1 1 950 -230 230 1 21 100
memory 1656 1 1 500 230 -230 1 33 69
memory 1381 1 1 950 -230 230 1 24 61
memory 1015 2 2 650 -230 230 0 48 61
memory 819 1 1 950 230 -230 1 15 71
memory 1511 1 1 650 -230 230 1 7 61
memory 1131 2 2 500 230 -230 0 37 83
memory 1977 2 2 650 -230 230 0 13 83
memory 1120 2 2 500 -230 230 0 4 76
memory 2016 1 1 500 230 -230 1 46 88
memory 1517 1 1 950 -230 230 1 43 54
memory 1295 1 1 800 230 -230 1 15 81
memory 1261 2 2 500 -230 230 0 43 77
memory 2556 1 1 650 230 -230 1 26 64
memory 1945 1 1 650 -230 230 1 11 99
memory 1328 2 2 800 -230 230 0 31 99
memory 1517 2 2 650 -230 230 0 22 64
memory 2059 2 2 650 -230 230 0 47 97
memory 1000 1 1 650 230 -230 1 42 81
memory 1027 1 1 950 230 -230 1 11 68
memory 1196 1 1 800 -230 230 1 9 68
memory 974 1 1 800 230 -230 1 23 85
memory 775 1 1 500 230 -230 1 14 94
memory 1161 2 2 500 -230 230 0 12 84
memory 576 1 1 650 230 -230 1 14 91
memory 1435 2 2 650 -230 230 0 31 64
memory 911 1 1 1100 230 -230 1 23 96
memory 711 2 2 500 -230 230 0 10 59
