memory 695 2 2 800 230 -230 0 31 60
memory 1185 1 1 650 -230 230 1 9 84
memory 1237 1 1 500 230 -230 1 36 52
memory 1542 1 1 950 -230 230 1 25 98
memory 1625 1 1 800 230 -230 1 49 66
memory 1533 1 1 800 -230 230 1 16 57
memory 764 1 1 800 -230 230 1 8 77
memory 1191 2 2 650 230 -230 0 30 81
memory 2038 2 2 800 230 -230 0 47 76
memory 1164 2 2 650 -230 230 0 40 82
memory 3000 3 -1 950 -230 230 0 1 70
memory 1164 1 1 950 230 -230 1 18 54
memory 1368 1 1 950 230 -230 1 23 98
memory 1077 1 1 1100 -230 230 1 4 55
memory 964 2 2 650 -230 230 0 50 73
memory 1598 2 2 500 230 -230 0 44 58
memory 2243 1 1 800 230 -230 1 40 79
memory 1069 1 1 500 230 -230 1 32 80
memory 1062 1 1 500 230 -230 1 46 90
memory 967 1 1 500 230 -230 1 24 96
memory 1354 2 2 950 -230 230 0 40 100
memory 757 2 2 500 -230 230 0 47 59
memory 873 2 2 950 -230 230 0 8 80
memory 1304 1 1 500 230 -230 1 12 95
memory 1004 2 2 650 230 -230 0 44 73
memory 922 2 2 800 230 -230 0 32 76
memory 922 1 1 500 -230 230 1 40 87
memory 2124 1 1 950 230 -230 1 24 88
memory 979 1 1 1100 230 -230 1 38 96
memory 1848 1 1 500 230 -230 1 1 68
memory 1069 2 2 800 230 -230 0 9 61
memory 887 2 2 500 -230 230 0 48 63
memory 664 2 2 650 -230 230 0 28 53
memory 1394 2 2 950 230 -230 0 46 59
memory 732 1 1 650 -230 230 1 44 80
memory 1939 1 1 800 230 -230 1 14 78
memory 1007 1 1 1100 230 -230 1 46 90
memory 693 1 1 1100 230 -230 1 7 99
memory 1263 1 1 950 -230 230 1 4 94
memory 901 2 2 650 230 -230 0 17 53
memory 907 1 1 800 230 -230 1 11 88
memory 1521 2 2 800 230 -230 0 12 71
memory 1860 2 2 500 -230 230 0 20 56
memory 1180 1 1 500 230 -230 1 23 100
memory 870 1 1 1100 -230 230 1 35 97
memory 1442 2 2 950 -230 230 0 28 54
memory 1432 2 2 650 230 -230 0 15 75
memory 1686 1 1 800 230 -230 1 25 92
memory 1137 1 1 950 -230 230 1 5 81
memory 1309 2 2 650 -230 230 0 30 73
