memory 801 1 1 650 -230 230 1 11 55
memory 712 1 1 800 -230 230 1 41 54
memory 783 1 1 650 -230 230 1 37 91
memory 1114 1 1 1100 230 -230 1 35 100
memory 954 2 2 950 -230 230 0 42 82
memory 1155 1 1 500 -230 230 1 37 92
memory 1063 1 1 1100 -230 230 1 5 91
memory 1124 1 1 1100 230 -230 1 47 71
memory 1005 1 1 500 230 -230 1 36 63
memory 846 1 1 950 -230 230 1 4 90
memory 939 1 1 1100 -230 230 1 43 100
memory 1110 2 2 950 230 -230 0 8 53
memory 1168 1 1 950 -230 230 1 12 88
memory 1096 1 1 1100 -230 230 1 45 72
memory 764 1 1 950 -230 230 1 50 93
memory 1681 1 1 950 230 -230 1 26 60
memory 802 1 1 650 -230 230 1 29 81
memory 686 1 1 1100 230 -230 1 33 69
memory 1293 1 1 800 230 -230 1 27 95
memory 743 1 1 950 230 -230 1 9 59
memory 591 1 1 650 -230 230 1 25 54
memory 1035 1 1 950 -230 230 1 50 87
memory 1219 1 1 950 -230 230 1 44 76
memory 1165 1 1 650 230 -230 1 13 60
memory 1829 2 2 800 230 -230 0 14 59
memory 1088 2 2 950 230 -230 0 3 63
memory 922 2 2 800 230 -230 0 22 74
memory 2710 1 1 650 230 -230 1 17 93
memory 1339 1 1 500 230 -230 1 21 66
memory 1355 2 2 950 230 -230 0 22 60
memory 978 1 1 650 230 -230 1 14 89
memory 1093 1 1 1100 -230 230 1 22 96
memory 1371 2 2 1100 -230 230 0 33 84
memory 1702 1 1 650 -230 230 1 50 100
memory 1249 2 2 650 230 -230 0 31 96
memory 2934 1 1 500 -230 230 1 28 77
memory 1282 1 1 950 -230 230 1 30 60
memory 810 1 1 800 -230 230 1 41 92
memory 919 1 1 650 230 -230 1 19 85
memory 836 1 1 1100 230 -230 1 37 71
memory 914 1 1 650 230 -230 1 39 90
memory 746 1 1 800 230 -230 1 41 94
memory 616 1 1 500 230 -230 1 14 77
memory 949 1 1 800 -230 230 1 37 58
memory 1050 1 1 950 230 -230 1 15 99
memory 1096 1 1 500 -230 230 1 40 71
memory 1092 2 2 800 230 -230 0 18 89
memory 905 1 1 650 230 -230 1 32 95
memory 2224 1 1 500 -230 230 1 17 85
memory 861 1 1 500 -230 230 1 29 64
