memory 1983 2 2 500 -230 230 0 36 89 
memory 1395 1 1 1100 230 -230 1 7 59 
memory 1123 1 1 500 -230 230 1 32 54 
memory 933 1 1 650 230 -230 1 27 55 
memory 1103 1 1 950 230 -230 1 46 72 
memory 966 1 1 950 230 -230 1 1 72 
memory 1623 1 1 500 -230 230 1 1 75 
memory 1150 1 1 500 230 -230 1 10 87 
memory 1729 2 2 800 -230 230 0 23 58 
memory 1150 1 1 950 230 -230 1 29 53 
memory 1202 1 1 500 230 -230 1 23 99 
memory 916 1 1 500 -230 230 1 25 56 
memory 1304 1 1 500 230 -230 1 16 86 
memory 917 1 1 950 230 -230 1 14 99 
memory 1311 1 1 800 230 -230 1 5 69 
memory 999 2 2 950 230 -230 0 47 89 
memory 1526 1 1 650 230 -230 1 44 87 
memory 1557 1 1 500 230 -230 1 21 97 
memory 2170 1 1 950 230 -230 1 22 90 
memory 975 1 1 650 -230 230 1 5 58 
memory 1511 1 1 800 -230 230 1 1 62 
memory 1614 2 2 950 230 -230 0 12 62 
memory 1759 1 1 1100 230 -230 1 16 83 
memory 1089 1 1 650 230 -230 1 29 85 
memory 1652 1 1 800 -230 230 1 16 67 
memory 3000 3 -1 800 230 -230 0 9 89 
memory 1216 1 1 500 230 -230 1 16 85 
memory 2045 1 1 500 230 -230 1 14 71 
memory 2394 2 2 800 230 -230 0 22 92 
memory 1434 1 1 800 230 -230 1 29 74 
memory 2349 1 1 950 -230 230 1 23 87 
memory 2564 2 2 650 230 -230 0 50 55 
memory 1643 1 1 650 230 -230 1 25 81 
memory 1860 1 1 500 230 -230 1 28 57 
memory 980 1 1 950 230 -230 1 27 73 
memory 988 2 2 650 -230 230 0 13 91 
memory 954 1 1 500 230 -230 1 15 77 
memory 1219 2 2 950 -230 230 0 12 55 
memory 1974 3 -1 500 230 -230 0 2 57 
memory 1068 1 1 500 -230 230 1 5 87 
memory 2473 2 2 800 -230 230 0 25 86 
memory 1651 1 1 650 -230 230 1 37 100 
memory 1229 1 1 500 230 -230 1 7 69 
memory 1175 1 1 650 -230 230 1 41 71
memory 1056 2 3 800 230 -230 0 45 67
memory 1153 1 1 950 230 -230 1 31 51
memory 823 1 1 800 -230 230 1 15 97 
memory 1381 2 2 950 230 -230 0 8 99 
memory 960 1 1 800 230 -230 1 36 52 
memory 1427 1 1 950 -230 230 1 9 60 
