memory 1057 1 1 950 -230 230 1 12 78
memory 1487 1 1 500 -230 230 1 22 68
memory 1208 1 1 800 230 -230 1 26 74
memory 1764 1 1 650 230 -230 1 41 94
memory 1195 1 1 500 -230 230 1 27 83
memory 1214 1 1 1100 230 -230 1 37 91
memory 1146 1 1 500 -230 230 1 39 69
memory 1246 1 1 650 -230 230 1 36 58
memory 671 1 1 950 -230 230 1 12 79
memory 1161 1 1 500 230 -230 1 15 57
memory 933 1 1 950 -230 230 1 39 65
memory 796 1 1 650 -230 230 1 5 83
memory 1215 1 1 950 -230 230 1 38 80
memory 1471 1 1 950 230 -230 1 46 80
memory 1746 1 1 950 -230 230 1 16 54
memory 726 1 1 500 -230 230 1 39 53
memory 1065 2 2 950 -230 230 0 50 84
memory 1432 2 2 650 -230 230 0 32 76
memory 1441 1 1 950 -230 230 1 33 87
memory 1074 2 2 500 230 -230 0 13 64
memory 825 1 1 650 -230 230 1 9 60
memory 1040 1 1 950 -230 230 1 48 65
memory 986 2 2 800 230 -230 0 44 91
memory 1633 1 1 800 -230 230 1 40 62
memory 849 2 2 800 230 -230 0 49 71
memory 1651 1 1 650 -230 230 1 16 71
memory 1030 1 1 950 -230 230 1 48 72
memory 1570 2 2 500 230 -230 0 16 82
memory 1228 1 1 500 -230 230 1 38 77
memory 2787 1 1 1100 -230 230 1 9 75
memory 1717 1 1 1100 -230 230 1 10 94
memory 1542 2 2 500 230 -230 0 8 94
memory 1328 1 1 950 -230 230 1 4 90
memory 1021 1 1 950 -230 230 1 47 84
memory 1500 1 1 650 -230 230 1 32 61
memory 1284 2 2 650 -230 230 0 42 54
memory 1460 2 3 950 -230 230 0 20 76
memory 1201 1 1 650 230 -230 1 22 83
memory 926 1 1 650 -230 230 1 49 98
memory 1376 1 1 650 -230 230 1 12 86
memory 773 1 1 500 -230 230 1 42 77
memory 1368 1 1 500 230 -230 1 33 57
memory 1104 1 1 950 -230 230 1 36 65
memory 1164 1 1 500 -230 230 1 34 94
memory 1385 1 1 500 -230 230 1 50 53
memory 1046 1 1 500 -230 230 1 48 88
memory 880 1 1 800 -230 230 1 39 81
memory 903 1 1 800 -230 230 1 9 62
memory 2250 1 1 950 -230 230 1 16 93
memory 1448 1 1 800 230 -230 1 27 100
