memory 3000 3 -1 650 230 -230 0 36 91
memory 2267 1 1 1100 230 -230 1 22 76
memory 1988 1 1 800 -230 230 1 18 78
memory 1795 2 2 1100 230 -230 0 48 83
memory 1314 2 2 1100 230 -230 0 41 92
memory 1675 2 2 500 -230 230 0 15 53
memory 1789 2 2 650 -230 230 0 48 98
memory 3000 3 -1 950 -230 230 0 29 59
memory 1855 1 1 500 230 -230 1 40 74
memory 1407 2 2 950 230 -230 0 20 93
memory 1231 1 1 650 -230 230 1 3 60
memory 926 1 1 1100 230 -230 1 23 74
memory 1243 1 1 650 -230 230 1 5 83
memory 1131 1 1 950 -230 230 1 48 94
memory 1290 2 2 1100 230 -230 0 1 80
memory 1194 2 2 950 230 -230 0 48 94
memory 2092 2 2 650 230 -230 0 20 54
memory 2486 2 2 1100 -230 230 0 46 64
memory 1902 2 2 800 -230 230 0 35 54
memory 1922 2 2 650 -230 230 0 26 97
memory 2803 2 2 500 -230 230 0 32 57
memory 2606 2 2 1100 230 -230 0 14 88
memory 3000 3 -1 650 230 -230 0 22 76
memory 3000 3 -1 800 -230 230 0 36 85
memory 1462 2 2 950 -230 230 0 27 70
memory 3000 3 -1 500 230 -230 0 7 84
memory 351 2 2 950 -230 230 0 50 78
memory 915 1 1 950 -230 230 1 40 52
memory 1276 1 1 950 -230 230 1 26 59
memory 1161 1 1 800 -230 230 1 14 77
memory 1076 2 2 500 -230 230 0 10 54
memory 1825 1 1 1100 230 -230 1 14 61
memory 1132 2 2 500 -230 230 0 19 88
memory 935 1 1 650 230 -230 1 22 79
memory 892 1 1 1100 230 -230 1 6 89
memory 407 2 2 800 230 -230 0 18 85
memory 730 1 1 800 230 -230 1 29 96
memory 895 1 1 950 230 -230 1 44 79
memory 1126 2 2 500 230 -230 0 35 80
memory 1074 1 1 500 -230 230 1 6 94
memory 909 2 2 950 -230 230 0 17 84
memory 1181 1 1 650 230 -230 1 19 66
memory 1038 2 2 800 -230 230 0 19 70
memory 1294 1 1 500 -230 230 1 43 64
memory 1465 1 1 950 -230 230 1 31 65
memory 2017 1 1 500 -230 230 1 41 70
memory 977 1 1 500 -230 230 1 3 99
memory 1381 1 1 950 -230 230 1 45 100
memory 1266 2 2 950 -230 230 0 35 78
memory 800 2 2 800 -230 230 0 18 84
