memory 1220 2 2 500 230 -230 0 27 52
memory 967 1 1 500 230 -230 1 12 52
memory 1364 1 1 650 -230 230 1 31 65
memory 1634 1 1 800 -230 230 1 40 56
memory 1581 1 1 500 -230 230 1 35 68
memory 1746 1 1 950 230 -230 1 19 82
memory 1164 1 1 1100 -230 230 1 30 94
memory 1159 1 1 500 230 -230 1 6 75
memory 896 1 1 950 230 -230 1 21 93
memory 1329 1 1 1100 230 -230 1 4 53
memory 1642 1 1 500 230 -230 1 6 91
memory 697 1 1 800 230 -230 1 5 84
memory 854 1 1 950 230 -230 1 48 90
memory 637 1 1 950 230 -230 1 24 76
memory 725 1 1 800 230 -230 1 30 80
memory 1488 1 1 950 -230 230 1 2 70
memory 1593 1 1 500 -230 230 1 33 87
memory 2911 1 1 800 -230 230 1 39 64
memory 1379 1 1 500 -230 230 1 35 62
memory 1405 1 1 650 -230 230 1 27 54
memory 764 1 1 500 -230 230 1 22 52
memory 1262 2 2 1100 230 -230 0 36 58
memory 1337 2 2 500 230 -230 0 32 98
memory 1209 1 1 950 230 -230 1 8 69
memory 1312 1 1 650 230 -230 1 36 80
memory 1220 1 1 650 230 -230 1 8 93
memory 1141 1 1 500 230 -230 1 41 89
memory 1295 1 1 1100 -230 230 1 6 73
memory 964 2 2 800 230 -230 0 42 56
memory 709 1 1 800 -230 230 1 6 78
memory 1793 2 2 1100 230 -230 0 18 54
memory 688 1 1 950 -230 230 1 36 91
memory 949 1 1 950 -230 230 1 49 65
memory 913 1 1 500 -230 230 1 50 81
memory 801 1 1 650 -230 230 1 22 84
memory 1091 1 1 650 -230 230 1 17 69
memory 1116 1 1 1100 230 -230 1 29 87
memory 1068 1 1 950 230 -230 1 20 59
memory 569 1 1 650 230 -230 1 1 90
memory 1551 2 2 500 -230 230 0 32 86
memory 1050 1 1 650 230 -230 1 30 73
memory 547 1 1 650 230 -230 1 12 57
memory 1252 1 1 500 -230 230 1 10 51
memory 1091 1 1 500 -230 230 1 48 70
memory 1084 1 1 650 230 -230 1 25 68
memory 1119 1 1 500 230 -230 1 3 98
memory 832 1 1 950 230 -230 1 34 86
memory 1558 1 1 650 -230 230 1 33 98
memory 1072 1 1 500 230 -230 1 34 79
memory 821 1 1 500 230 -230 1 15 91
