memory 1939 1 1 950 -230 230 1 8 63
memory 986 1 1 800 230 -230 1 4 60
memory 1032 1 1 950 -230 230 1 4 66
memory 1240 1 1 500 -230 230 1 46 53
memory 907 1 1 500 -230 230 1 1 78
memory 808 1 1 500 -230 230 1 14 68
memory 941 1 1 500 -230 230 1 25 96
memory 783 1 1 950 -230 230 1 32 63
memory 1353 1 1 650 230 -230 1 42 75
memory 1303 1 1 650 230 -230 1 8 91
memory 2338 1 1 800 -230 230 1 5 75
memory 1002 1 1 500 -230 230 1 2 79
memory 762 1 1 1100 -230 230 1 22 61
memory 1041 1 1 500 230 -230 1 30 84
memory 1040 1 1 500 230 -230 1 24 68
memory 1210 1 1 950 -230 230 1 2 88
memory 1543 1 1 500 -230 230 1 35 58
memory 1013 1 1 500 230 -230 1 21 93
memory 614 1 1 500 230 -230 1 24 72
memory 1801 1 1 650 -230 230 1 35 80
memory 815 1 1 800 -230 230 1 47 64
memory 1333 1 1 950 -230 230 1 36 90
memory 586 1 1 950 -230 230 1 6 66
memory 914 1 1 800 230 -230 1 15 63
memory 1383 1 1 950 -230 230 1 19 95
memory 875 1 1 950 230 -230 1 7 72
memory 819 1 1 950 230 -230 1 20 91
memory 1477 1 1 800 -230 230 1 29 99
memory 1326 1 1 950 230 -230 1 29 78
memory 1308 2 2 950 -230 230 0 48 73
memory 961 1 1 800 230 -230 1 44 86
memory 1014 1 1 500 230 -230 1 5 72
memory 1171 1 1 800 230 -230 1 34 69
memory 649 1 1 800 230 -230 1 5 78
memory 1576 1 1 950 -230 230 1 41 54
memory 1076 1 1 650 230 -230 1 19 79
memory 638 1 1 800 230 -230 1 15 89
memory 693 1 1 500 230 -230 1 34 94
memory 942 1 1 950 230 -230 1 45 68
memory 543 1 1 950 230 -230 1 1 100
memory 776 1 1 950 230 -230 1 11 87
memory 1965 1 1 650 230 -230 1 1 67
memory 859 1 1 800 -230 230 1 13 77
memory 940 1 1 650 230 -230 1 17 62
memory 1110 1 1 950 230 -230 1 46 72
memory 594 1 1 950 230 -230 1 3 96
memory 876 1 1 650 230 -230 1 11 77
memory 1003 1 1 500 230 -230 1 45 81
memory 816 2 2 500 -230 230 0 44 53
memory 1150 1 1 950 -230 230 1 29 77
