memory 2000 2 2 500 230 -230 0 12 57
memory 1042 1 1 1100 -230 230 1 2 81
memory 1311 2 2 650 230 -230 0 13 57
memory 1731 1 1 500 230 -230 1 23 87
memory 1409 1 1 950 -230 230 1 30 73
memory 1126 2 2 500 -230 230 0 32 58
memory 1649 1 1 500 230 -230 1 20 66
memory 1776 1 1 650 230 -230 1 20 61
memory 1302 1 1 800 230 -230 1 4 86
memory 3000 3 -1 1100 -230 230 0 12 55
memory 1648 1 1 650 -230 230 1 42 100
memory 906 1 1 650 -230 230 1 42 69
memory 1040 1 1 650 -230 230 1 5 89
memory 1183 1 1 950 230 -230 1 23 91
memory 1038 1 1 800 230 -230 1 9 51
memory 937 1 1 800 -230 230 1 5 85
memory 1081 1 1 500 -230 230 1 1 65
memory 1454 1 1 950 230 -230 1 30 68
memory 1426 1 1 950 -230 230 1 4 69
memory 1555 1 1 500 230 -230 1 40 54
memory 1419 1 1 800 -230 230 1 48 79
memory 1129 2 2 800 230 -230 0 47 61
memory 1332 1 1 950 230 -230 1 19 64
memory 1093 1 1 950 -230 230 1 4 96
memory 1992 1 1 500 230 -230 1 48 97
memory 534 1 1 500 230 -230 1 1 100
memory 746 1 1 950 230 -230 1 12 81
memory 1125 1 1 950 230 -230 1 7 82
memory 697 1 1 950 230 -230 1 10 79
memory 901 1 1 950 230 -230 1 19 76
memory 1244 1 1 650 -230 230 1 36 99
memory 1000 1 1 800 -230 230 1 9 100
memory 984 1 1 800 230 -230 1 40 52
memory 1286 2 2 950 -230 230 0 46 74
memory 1593 1 1 800 -230 230 1 13 72
memory 1735 2 2 650 -230 230 0 45 63
memory 1569 1 1 650 -230 230 1 46 79
memory 1786 1 1 500 230 -230 1 22 64
memory 1186 1 1 800 -230 230 1 36 60
memory 1322 1 1 650 230 -230 1 16 62
memory 823 1 1 1100 230 -230 1 19 82
memory 1211 1 1 950 -230 230 1 11 100
memory 1134 1 1 800 230 -230 1 15 78
memory 690 1 1 950 230 -230 1 11 81
memory 418 1 1 650 230 -230 1 3 65
memory 1081 2 2 800 -230 230 0 43 73
memory 743 1 1 500 230 -230 1 29 62
memory 1618 1 1 500 -230 230 1 8 64
memory 1474 1 1 500 -230 230 1 41 61
memory 1363 1 1 650 230 -230 1 34 72
