memory 2402 1 1 800 230 -230 1 20 81
memory 1315 1 1 800 -230 230 1 40 57
memory 1275 1 1 950 -230 230 1 7 65
memory 1525 1 1 800 -230 230 1 23 69
memory 1113 1 1 950 -230 230 1 10 61
memory 1147 1 1 500 230 -230 1 12 56
memory 2118 1 1 500 -230 230 1 40 80
memory 1839 1 1 650 -230 230 1 45 92
memory 2459 2 2 800 230 -230 0 42 76
memory 2043 1 1 650 230 -230 1 27 62
memory 2441 1 1 950 230 -230 1 28 93
memory 1729 1 1 650 -230 230 1 31 98
memory 1724 2 2 500 230 -230 0 29 64
memory 2277 1 1 650 -230 230 1 24 88
memory 1674 1 1 800 230 -230 1 11 77
memory 1304 1 1 500 -230 230 1 44 69
memory 1661 1 1 950 -230 230 1 9 85
memory 1262 2 2 650 -230 230 0 22 59
memory 1851 1 1 800 230 -230 1 5 81
memory 1496 1 1 1100 -230 230 1 17 53
memory 1791 1 1 800 230 -230 1 46 72
memory 1488 1 1 650 -230 230 1 31 73
memory 3000 3 -1 950 230 -230 0 32 67
memory 1063 1 1 1100 -230 230 1 29 90
memory 1080 1 1 950 230 -230 1 46 61
memory 1421 1 1 950 -230 230 1 39 79
memory 1952 1 1 500 -230 230 1 44 51
memory 1678 2 2 500 -230 230 0 2 57
memory 1420 2 2 800 230 -230 0 43 59
memory 1344 1 1 650 230 -230 1 29 93
memory 1669 1 1 800 -230 230 1 36 55
memory 1367 1 1 1100 230 -230 1 27 90
memory 1362 1 1 800 230 -230 1 44 75
memory 1458 1 1 800 -230 230 1 32 73
memory 1754 1 1 500 230 -230 1 11 59
memory 1087 1 1 950 230 -230 1 6 65
memory 2429 1 1 650 -230 230 1 32 75
memory 1224 1 1 650 230 -230 1 3 99
memory 1316 1 1 500 230 -230 1 21 80
memory 1402 2 2 650 230 -230 0 43 86
memory 1042 1 1 800 -230 230 1 24 62
memory 1151 1 1 500 -230 230 1 48 88
memory 1238 2 2 500 -230 230 0 35 53
memory 1871 1 1 800 -230 230 1 16 100
memory 1360 1 1 1100 230 -230 1 11 51
memory 1146 1 1 1100 -230 230 1 49 99
memory 793 2 2 500 230 -230 0 23 63
memory 1622 1 1 500 230 -230 1 12 72
memory 2713 1 1 950 -230 230 1 32 93
memory 1462 2 2 800 230 -230 0 26 87
