memory 647 1 1 950 230 -230 1 6 51
memory 1726 1 1 950 -230 230 1 39 60
memory 1182 2 2 500 -230 230 0 3 52
memory 1050 1 1 650 -230 230 1 38 72
memory 1213 1 1 500 -230 230 1 33 96
memory 1384 1 1 800 -230 230 1 14 100
memory 1219 1 1 500 -230 230 1 12 65
memory 817 1 1 950 -230 230 1 14 54
memory 1305 2 2 950 -230 230 0 43 51
memory 908 2 2 1100 -230 230 0 8 58
memory 781 1 1 650 230 -230 1 1 72
memory 1499 1 1 500 -230 230 1 10 80
memory 1376 1 1 950 -230 230 1 3 77
memory 837 1 1 950 -230 230 1 11 75
memory 1330 1 1 1100 -230 230 1 33 83
memory 1487 1 1 1100 230 -230 1 36 64
memory 1058 1 1 500 -230 230 1 7 94
memory 967 1 1 1100 -230 230 1 16 94
memory 733 1 1 500 -230 230 1 9 100
memory 1293 1 1 950 230 -230 1 30 78
memory 1363 1 1 500 230 -230 1 7 96
memory 2081 1 1 950 -230 230 1 20 85
memory 1730 1 1 950 230 -230 1 6 62
memory 1767 2 2 800 -230 230 0 43 57
memory 822 1 1 650 -230 230 1 14 82
memory 1967 1 1 950 -230 230 1 29 56
memory 1776 2 2 650 230 -230 0 29 57
memory 985 1 1 950 -230 230 1 18 51
memory 3000 3 -1 950 -230 230 0 37 65
memory 1233 1 1 650 -230 230 1 4 94
memory 2040 1 1 650 230 -230 1 29 67
memory 1405 1 1 800 230 -230 1 31 81
memory 1528 1 1 1100 230 -230 1 15 97
memory 1663 1 1 1100 -230 230 1 33 73
memory 1085 1 1 950 230 -230 1 31 61
memory 1550 1 1 950 -230 230 1 9 63
memory 1391 1 1 950 -230 230 1 13 69
memory 986 1 1 650 -230 230 1 31 55
memory 765 1 1 950 -230 230 1 5 98
memory 978 1 1 950 230 -230 1 20 79
memory 843 1 1 500 -230 230 1 20 62
memory 849 1 1 500 -230 230 1 17 63
memory 937 1 1 500 -230 230 1 50 68
memory 1160 2 2 950 -230 230 0 43 58
memory 1144 1 1 500 230 -230 1 24 84
memory 1551 1 1 650 -230 230 1 42 89
memory 1318 2 2 500 230 -230 0 45 70
memory 1616 1 1 950 230 -230 1 11 94
memory 1176 1 1 500 230 -230 1 30 89
memory 1222 2 2 950 230 -230 0 18 99
