memory 1693 1 1 500 230 -230 1 8 53
memory 1376 1 1 1100 230 -230 1 37 61
memory 1254 1 1 500 -230 230 1 45 51
memory 1148 1 1 800 -230 230 1 16 78
memory 1065 1 1 500 -230 230 1 28 71
memory 921 1 1 950 230 -230 1 33 80
memory 999 1 1 650 -230 230 1 24 72
memory 831 1 1 650 230 -230 1 44 55
memory 1035 1 1 500 -230 230 1 17 81
memory 1578 1 1 800 -230 230 1 41 78
memory 2327 1 1 950 -230 230 1 17 62
memory 2232 1 1 650 -230 230 1 13 61
memory 1381 1 1 500 230 -230 1 45 78
memory 963 1 1 800 -230 230 1 28 87
memory 3000 3 -1 800 -230 230 0 46 87
memory 1871 2 2 950 230 -230 0 30 97
memory 1376 2 2 800 230 -230 0 48 97
memory 1234 2 2 950 -230 230 0 22 97
memory 2424 2 2 650 -230 230 0 11 74
memory 986 1 1 800 230 -230 1 33 94
memory 1648 1 1 500 -230 230 1 25 56
memory 686 1 1 1100 -230 230 1 44 70
memory 633 1 1 650 -230 230 1 44 52
memory 1592 1 1 800 -230 230 1 13 53
memory 1188 1 1 650 -230 230 1 41 100
memory 2501 1 1 800 -230 230 1 4 78
memory 2307 2 2 650 -230 230 0 11 90
memory 1074 1 1 950 230 -230 1 34 87
memory 1701 1 1 800 230 -230 1 6 96
memory 1270 1 1 650 230 -230 1 35 81
memory 2068 1 1 650 230 -230 1 48 67
memory 1242 1 1 500 230 -230 1 46 82
memory 894 1 1 650 -230 230 1 3 66
memory 820 1 1 1100 -230 230 1 24 100
memory 2722 1 1 950 230 -230 1 30 79
memory 1041 1 1 500 230 -230 1 36 65
memory 1599 1 1 950 230 -230 1 15 82
memory 2068 1 1 650 230 -230 1 48 89
memory 1066 1 1 950 230 -230 1 46 53
memory 1760 1 1 800 -230 230 1 13 81
memory 2148 2 2 800 -230 230 0 49 61
memory 1503 1 1 950 230 -230 1 47 80
memory 1321 1 1 650 -230 230 1 27 79
memory 1425 2 2 950 230 -230 0 5 87
memory 1511 1 1 800 -230 230 1 43 94
memory 1785 2 2 950 230 -230 0 43 69
memory 1852 1 1 500 -230 230 1 17 64
memory 3000 3 -1 650 -230 230 0 35 62
memory 2628 1 1 500 -230 230 1 8 91
memory 2970 1 1 950 230 -230 1 15 100
