memory 1623 1 1 500 230 -230 1 11 95
memory 2008 1 1 950 230 -230 1 24 60
memory 2180 1 1 800 -230 230 1 37 93
memory 2429 1 1 500 -230 230 1 10 85
memory 2523 1 1 950 230 -230 1 42 66
memory 2215 1 1 800 -230 230 1 42 52
memory 2061 1 1 800 230 -230 1 32 58
memory 2393 1 1 1100 -230 230 1 31 61
memory 1324 1 1 650 -230 230 1 49 59
memory 1059 1 1 650 230 -230 1 2 68
memory 3000 3 -1 800 230 -230 0 2 66
memory 3000 3 -1 950 230 -230 0 22 82
memory 1651 1 1 500 -230 230 1 10 95
memory 2126 1 1 500 -230 230 1 13 87
memory 1613 1 1 500 -230 230 1 4 53
memory 1062 1 1 800 -230 230 1 40 90
memory 1887 1 1 950 230 -230 1 27 54
memory 1783 1 1 500 -230 230 1 1 88
memory 3000 3 -1 650 -230 230 0 31 63
memory 932 1 1 650 230 -230 1 47 74
memory 2221 1 1 500 230 -230 1 42 96
memory 2062 2 2 650 -230 230 0 32 92
memory 1871 1 1 800 -230 230 1 45 69
memory 1905 1 1 950 230 -230 1 27 51
memory 1059 1 1 650 230 -230 1 10 80
memory 1974 1 1 950 -230 230 1 25 62
memory 1571 1 1 500 230 -230 1 29 83
memory 2319 1 1 650 230 -230 1 38 95
memory 1251 2 2 650 -230 230 0 6 94
memory 843 1 1 800 230 -230 1 46 68
memory 1313 1 1 1100 230 -230 1 45 88
memory 2255 1 1 800 230 -230 1 43 61
memory 2020 1 1 950 230 -230 1 6 74
memory 2438 1 1 500 -230 230 1 7 63
memory 1324 1 1 800 -230 230 1 25 70
memory 1485 1 1 650 -230 230 1 3 94
memory 1865 1 1 650 230 -230 1 16 52
memory 1461 2 2 800 230 -230 0 17 60
memory 1817 1 1 800 -230 230 1 37 88
memory 1345 1 1 650 -230 230 1 5 77
memory 1385 1 1 500 -230 230 1 34 100
memory 1137 1 1 1100 -230 230 1 49 86
memory 1471 1 1 500 230 -230 1 3 87
memory 1189 1 1 800 -230 230 1 12 51
memory 880 1 1 800 -230 230 1 7 71
memory 1375 1 1 950 230 -230 1 22 51
memory 1623 2 2 650 -230 230 0 41 53
memory 2426 1 1 950 -230 230 1 16 52
memory 2403 1 1 650 -230 230 1 30 95
memory 2666 1 1 1100 -230 230 1 36 100
