memory 1591 2 2 950 -230 230 0 37 59
memory 968 1 1 650 230 -230 1 27 61
memory 1103 1 1 800 230 -230 1 28 53
memory 818 1 1 950 230 -230 1 39 80
memory 1083 2 2 500 230 -230 0 14 81
memory 949 2 2 500 230 -230 0 16 59
memory 1358 1 1 650 230 -230 1 21 64
memory 1604 1 1 500 230 -230 1 14 79
memory 914 2 2 950 -230 230 0 21 94
memory 1182 1 1 500 -230 230 1 19 85
memory 1488 1 1 950 -230 230 1 33 83
memory 1806 1 1 800 230 -230 1 30 99
memory 1105 2 2 650 -230 230 0 41 61
memory 1737 1 1 650 230 -230 1 25 97
memory 2024 2 2 650 230 -230 0 17 53
memory 2465 1 1 950 230 -230 1 36 93
memory 1624 1 1 500 -230 230 1 49 74
memory 1560 1 1 500 -230 230 1 34 74
memory 1719 1 1 1100 -230 230 1 10 65
memory 1631 1 1 950 230 -230 1 32 75
memory 2618 2 2 950 -230 230 0 25 88
memory 1400 1 1 800 -230 230 1 38 68
memory 1256 2 2 1100 230 -230 0 30 86
memory 1301 1 1 650 230 -230 1 33 74
memory 1529 1 1 950 -230 230 1 6 60
memory 1216 1 1 650 -230 230 1 1 68
memory 1360 1 1 1100 230 -230 1 1 54
memory 1667 1 1 1100 -230 230 1 40 65
memory 2337 2 2 950 230 -230 0 32 86
memory 3000 3 -1 650 230 -230 0 38 54
memory 1029 2 2 1100 -230 230 0 16 94
memory 828 1 1 950 230 -230 1 28 71
memory 800 2 2 650 -230 230 0 41 86
memory 890 2 2 500 -230 230 0 30 88
memory 1462 1 1 950 -230 230 1 14 90
memory 1395 1 1 500 -230 230 1 19 93
memory 946 2 2 500 230 -230 0 17 59
memory 1050 2 2 950 230 -230 0 30 60
memory 1908 2 2 500 230 -230 0 42 89
memory 1236 1 1 500 230 -230 1 17 75
memory 2939 1 1 500 -230 230 1 31 95
memory 1607 1 1 500 230 -230 1 4 80
memory 1097 1 1 650 230 -230 1 27 63
memory 1206 2 2 800 230 -230 0 8 59
memory 3000 3 -1 950 230 -230 0 41 72
memory 1414 1 1 950 230 -230 1 44 70
memory 1324 1 1 800 230 -230 1 3 75
memory 1013 1 1 650 230 -230 1 36 85
memory 1292 1 1 800 -230 230 1 17 90
memory 3000 3 -1 650 230 -230 0 37 64
