memory 1857 1 1 650 -230 230 1 39 57
memory 1886 1 1 950 -230 230 1 50 66
memory 1478 1 1 650 230 -230 1 25 80
memory 979 1 1 950 230 -230 1 28 74
memory 1801 2 2 950 230 -230 0 16 96
memory 1267 1 1 500 230 -230 1 44 51
memory 1427 2 2 950 230 -230 0 42 55
memory 1345 1 1 500 -230 230 1 18 54
memory 1349 1 1 950 230 -230 1 17 87
memory 1544 1 1 500 230 -230 1 47 78
memory 1105 2 2 650 230 -230 0 41 100
memory 980 2 2 950 230 -230 0 13 96
memory 2263 2 2 800 230 -230 0 23 90
memory 1937 2 2 800 230 -230 0 49 84
memory 1646 1 1 650 -230 230 1 25 97
memory 793 1 1 800 -230 230 1 4 79
memory 1501 1 1 800 230 -230 1 27 55
memory 1665 1 1 500 -230 230 1 31 97
memory 1439 1 1 950 230 -230 1 6 99
memory 1681 2 2 950 230 -230 0 39 61
memory 1797 2 2 1100 -230 230 0 47 62
memory 1621 1 1 650 -230 230 1 38 60
memory 1169 1 1 650 230 -230 1 28 57
memory 2513 1 1 800 -230 230 1 23 80
memory 1226 2 2 800 -230 230 0 16 83
memory 1202 1 1 800 230 -230 1 25 79
memory 1028 1 1 500 -230 230 1 38 92
memory 1837 1 1 950 230 -230 1 11 87
memory 1852 2 2 650 -230 230 0 11 88
memory 2196 2 2 800 230 -230 0 20 77
memory 2082 2 2 1100 230 -230 0 41 74
memory 1439 1 1 650 230 -230 1 21 83
memory 2070 2 2 500 230 -230 0 42 59
memory 1499 1 1 500 230 -230 1 43 95
memory 1835 1 1 800 -230 230 1 48 97
memory 1630 1 1 800 -230 230 1 47 79
memory 1568 2 2 650 -230 230 0 15 77
memory 1411 2 2 950 230 -230 0 41 51
memory 1703 1 1 1100 230 -230 1 1 85
memory 1917 1 1 650 230 -230 1 49 92
memory 1756 1 1 1100 -230 230 1 48 51
memory 1026 1 1 800 -230 230 1 38 96
memory 1419 2 2 500 230 -230 0 39 82
memory 1693 2 2 650 230 -230 0 11 51
memory 2155 1 1 950 230 -230 1 26 56
memory 1175 1 1 950 -230 230 1 38 98
memory 865 1 1 500 -230 230 1 6 55
memory 1487 1 1 650 -230 230 1 27 100
memory 1393 1 1 650 -230 230 1 27 94
memory 1884 1 1 950 230 -230 1 29 91
