memory 2187 1 1 650 230 -230 1 9 65
memory 2737 1 1 950 -230 230 1 18 82
memory 2358 1 1 950 230 -230 1 38 78
memory 3000 3 -1 800 230 -230 0 46 93
memory 2325 1 1 950 -230 230 1 48 76
memory 1869 1 1 650 230 -230 1 10 73
memory 1488 1 1 950 -230 230 1 17 66
memory 2125 1 1 800 230 -230 1 21 79
memory 2530 1 1 500 -230 230 1 24 84
memory 2581 1 1 950 -230 230 1 2 70
memory 1614 1 1 800 -230 230 1 37 71
memory 2500 1 1 500 -230 230 1 39 88
memory 1442 1 1 650 -230 230 1 36 86
memory 2413 1 1 950 -230 230 1 15 85
memory 973 1 1 1100 -230 230 1 21 75
memory 1875 2 2 800 -230 230 0 26 97
memory 3000 3 -1 950 -230 230 0 28 82
memory 2027 1 1 950 -230 230 1 49 85
memory 2290 1 1 950 -230 230 1 1 73
memory 2090 1 1 800 230 -230 1 25 96
memory 1591 1 1 500 -230 230 1 42 56
memory 1921 1 1 950 230 -230 1 10 80
memory 1347 1 1 650 -230 230 1 42 89
memory 1293 1 1 950 -230 230 1 42 89
memory 2085 1 1 650 -230 230 1 23 96
memory 2960 2 2 950 230 -230 0 28 90
memory 1981 2 2 500 230 -230 0 28 87
memory 2261 1 1 500 230 -230 1 41 57
memory 1972 1 1 800 -230 230 1 30 54
memory 1826 1 1 800 -230 230 1 35 84
memory 2745 1 1 800 -230 230 1 46 96
memory 1727 1 1 650 230 -230 1 30 61
memory 1917 1 1 950 230 -230 1 12 53
memory 1422 1 1 500 230 -230 1 18 78
memory 1890 1 1 1100 230 -230 1 33 81
memory 1705 1 1 500 -230 230 1 6 54
memory 2749 1 1 800 -230 230 1 19 59
memory 1244 1 1 500 -230 230 1 11 54
memory 1390 1 1 500 -230 230 1 20 91
memory 1646 1 1 800 -230 230 1 37 70
memory 1824 1 1 950 230 -230 1 49 53
memory 1858 1 1 950 -230 230 1 1 86
memory 1946 1 1 800 -230 230 1 50 94
memory 1536 1 1 800 -230 230 1 12 53
memory 1249 1 1 650 -230 230 1 36 69
memory 1396 1 1 500 -230 230 1 37 77
memory 1654 1 1 950 230 -230 1 4 84
memory 931 1 1 500 230 -230 1 9 82
memory 1944 2 2 650 -230 230 0 28 69
memory 972 1 1 950 230 -230 1 6 54
