memory 1161 1 1 500 230 -230 1 41 92
memory 1092 1 1 500 -230 230 1 14 79
memory 1208 1 1 950 230 -230 1 42 90
memory 2360 1 1 800 -230 230 1 29 100
memory 1085 2 2 800 230 -230 0 14 88
memory 1114 1 1 800 -230 230 1 4 89
memory 1119 1 1 1100 -230 230 1 48 84
memory 487 2 2 800 -230 230 0 29 94
memory 1074 1 1 500 -230 230 1 18 83
memory 1174 1 1 500 -230 230 1 37 70
memory 1258 1 1 650 -230 230 1 3 51
memory 1201 2 2 500 -230 230 0 21 76
memory 1039 1 1 800 -230 230 1 44 78
memory 930 1 1 950 -230 230 1 48 71
memory 2444 3 -1 800 -230 230 0 21 56
memory 1202 1 1 800 -230 230 1 16 100
memory 2125 1 1 950 230 -230 1 39 55
memory 1569 2 2 950 230 -230 0 23 76
memory 1666 1 1 500 -230 230 1 2 72
memory 1932 1 1 500 230 -230 1 31 63
memory 2457 1 1 800 -230 230 1 32 57
memory 3000 3 -1 800 230 -230 0 42 62
memory 1121 1 1 1100 230 -230 1 27 92
memory 2459 2 2 950 -230 230 0 38 66
memory 2853 1 1 950 -230 230 1 48 89
memory 2285 1 1 500 230 -230 1 26 79
memory 908 1 1 800 230 -230 1 50 72
memory 1556 1 1 500 -230 230 1 37 91
memory 1530 1 1 650 230 -230 1 17 99
memory 881 2 2 950 -230 230 0 47 92
memory 966 1 1 950 230 -230 1 39 81
memory 1281 1 1 950 -230 230 1 5 65
memory 2418 1 1 950 -230 230 1 49 87
memory 2737 1 1 800 230 -230 1 21 94
memory 806 1 1 950 230 -230 1 44 78
memory 884 1 1 500 230 -230 1 44 53
memory 1692 1 1 950 230 -230 1 24 59
memory 3000 3 -1 500 230 -230 0 15 94
memory 1179 1 1 800 -230 230 1 12 63
memory 1307 1 1 650 -230 230 1 38 91
memory 1375 1 1 500 -230 230 1 18 54
memory 1362 1 1 950 230 -230 1 25 65
memory 2023 1 1 500 230 -230 1 41 87
memory 1154 2 2 650 230 -230 0 32 83
memory 1329 1 1 950 230 -230 1 14 62
memory 1785 2 2 650 230 -230 0 5 84
memory 1018 1 1 950 230 -230 1 32 63
memory 780 1 1 950 -230 230 1 25 91
memory 1081 1 1 950 230 -230 1 40 55
memory 953 1 1 800 230 -230 1 47 63
