memory 3000 3 -1 650 230 -230 0 6 72
memory 2824 2 2 950 -230 230 0 26 68
memory 2537 1 1 500 -230 230 1 6 98
memory 1776 2 2 950 230 -230 0 1 93
memory 2122 2 2 800 230 -230 0 27 52
memory 2278 1 1 1100 -230 230 1 35 88
memory 1739 1 1 800 -230 230 1 12 63
memory 2630 1 1 800 -230 230 1 25 76
memory 1460 2 2 950 230 -230 0 46 68
memory 3000 3 -1 950 230 -230 0 34 88
memory 3000 3 -1 800 -230 230 0 29 81
memory 1692 1 1 950 230 -230 1 44 56
memory 2508 2 2 500 230 -230 0 37 84
memory 1852 2 2 800 -230 230 0 9 72
memory 3000 3 -1 650 -230 230 0 22 56
memory 1801 1 1 650 -230 230 1 24 67
memory 1853 1 1 650 -230 230 1 7 73
memory 2330 2 2 950 -230 230 0 25 52
memory 1533 1 1 500 -230 230 1 24 64
memory 1771 1 1 650 -230 230 1 29 81
memory 3000 3 -1 1100 230 -230 0 3 96
memory 1617 1 1 650 -230 230 1 19 96
memory 1330 2 2 650 230 -230 0 29 87
memory 2092 1 1 800 -230 230 1 3 86
memory 1800 1 1 950 230 -230 1 14 71
memory 3000 3 -1 500 -230 230 0 42 59
memory 1411 2 2 500 230 -230 0 7 86
memory 1832 1 1 650 230 -230 1 15 100
memory 2115 1 1 650 -230 230 1 34 72
memory 2335 2 2 950 -230 230 0 16 98
memory 2061 1 1 650 -230 230 1 49 97
memory 1881 1 1 500 -230 230 1 21 99
memory 1850 2 2 650 -230 230 0 13 69
memory 2601 2 2 650 230 -230 0 3 68
memory 1312 1 1 950 -230 230 1 30 100
memory 2426 1 1 800 230 -230 1 13 75
memory 1573 1 1 500 -230 230 1 11 100
memory 1439 1 1 1100 -230 230 1 14 93
memory 1487 2 2 650 230 -230 0 13 98
memory 2077 1 1 950 -230 230 1 46 64
memory 2201 2 2 500 -230 230 0 29 85
memory 1702 2 2 500 230 -230 0 28 60
memory 1861 2 2 950 -230 230 0 48 57
memory 2020 2 2 500 230 -230 0 18 72
memory 1054 1 1 1100 -230 230 1 50 88
memory 1787 2 2 950 230 -230 0 42 96
memory 1750 1 1 800 -230 230 1 35 70
memory 2799 1 1 950 -230 230 1 22 88
memory 2084 2 2 500 230 -230 0 1 83
memory 1788 1 1 1100 -230 230 1 27 56
