memory 1023 1 1 500 230 -230 1 5 77
memory 1255 1 1 950 -230 230 1 27 87
memory 1467 1 1 800 230 -230 1 7 84
memory 1062 1 1 1100 230 -230 1 20 62
memory 1091 1 1 950 230 -230 1 7 55
memory 1148 1 1 650 230 -230 1 25 56
memory 2097 1 1 950 230 -230 1 23 73
memory 1803 1 1 650 -230 230 1 40 78
memory 1395 1 1 500 -230 230 1 33 100
memory 1678 1 1 500 -230 230 1 16 73
memory 1114 1 1 1100 -230 230 1 48 73
memory 1440 1 1 1100 230 -230 1 14 58
memory 1167 1 1 500 230 -230 1 39 67
memory 1078 1 1 800 230 -230 1 36 95
memory 819 1 1 800 230 -230 1 48 72
memory 625 1 1 950 230 -230 1 47 86
memory 1171 1 1 800 -230 230 1 44 60
memory 1325 1 1 950 -230 230 1 42 99
memory 1028 1 1 950 -230 230 1 30 73
memory 1333 1 1 950 230 -230 1 36 65
memory 2115 2 2 500 230 -230 0 13 51
memory 1009 1 1 650 230 -230 1 39 97
memory 2053 1 1 650 -230 230 1 22 69
memory 1838 1 1 650 -230 230 1 8 57
memory 1252 1 1 950 230 -230 1 47 67
memory 1484 1 1 650 -230 230 1 33 93
memory 924 1 1 1100 230 -230 1 13 65
memory 994 1 1 950 230 -230 1 27 77
memory 1067 1 1 650 -230 230 1 28 93
memory 1155 1 1 1100 230 -230 1 44 67
memory 2248 1 1 1100 230 -230 1 6 82
memory 1589 1 1 800 230 -230 1 24 93
memory 1537 2 2 800 230 -230 0 11 91
memory 928 1 1 800 -230 230 1 47 63
memory 1124 1 1 800 -230 230 1 16 88
memory 769 1 1 800 -230 230 1 44 90
memory 831 1 1 650 -230 230 1 14 74
memory 1569 1 1 650 -230 230 1 32 97
memory 1317 1 1 500 230 -230 1 33 64
memory 1530 1 1 500 -230 230 1 18 67
memory 1873 2 2 800 -230 230 0 11 84
memory 1372 1 1 500 -230 230 1 7 51
memory 991 2 2 650 230 -230 0 8 66
memory 1543 1 1 500 230 -230 1 2 98
memory 1779 2 2 500 230 -230 0 8 76
memory 2027 2 2 1100 -230 230 0 24 64
memory 1571 1 1 650 -230 230 1 37 54
memory 2012 1 1 800 230 -230 1 40 73
memory 2396 1 1 500 230 -230 1 18 74
memory 1488 2 2 500 -230 230 0 8 59
