memory 1446 1 1 650 -230 230 1 43 66
memory 1591 2 2 1100 230 -230 0 39 69
memory 1222 1 1 800 -230 230 1 41 54
memory 1396 2 2 950 230 -230 0 49 89
memory 1621 2 2 650 230 -230 0 13 89
memory 1566 1 1 950 -230 230 1 49 82
memory 2730 1 1 650 -230 230 1 36 88
memory 3000 3 -1 650 230 -230 0 23 83
memory 2520 1 1 800 -230 230 1 36 92
memory 1647 1 1 500 230 -230 1 40 81
memory 1767 1 1 1100 -230 230 1 29 56
memory 972 1 1 950 -230 230 1 41 66
memory 1312 2 2 800 230 -230 0 14 84
memory 1326 2 2 950 -230 230 0 35 73
memory 1438 1 1 500 -230 230 1 4 67
memory 1040 1 1 650 230 -230 1 48 95
memory 1050 1 1 800 230 -230 1 21 99
memory 787 1 1 650 230 -230 1 41 85
memory 914 2 2 650 -230 230 0 25 69
memory 1103 1 1 1100 -230 230 1 14 71
memory 1326 2 2 950 -230 230 0 47 97
memory 1505 1 1 500 230 -230 1 4 53
memory 1428 1 1 950 230 -230 1 14 72
memory 1226 1 1 950 230 -230 1 32 83
memory 1035 1 1 500 230 -230 1 30 51
memory 1721 2 2 500 230 -230 0 2 92
memory 3000 3 -1 950 -230 230 0 3 60
memory 1343 1 1 650 -230 230 1 45 63
memory 2569 1 1 1100 230 -230 1 22 60
memory 1855 2 2 950 -230 230 0 39 53
memory 1141 1 1 650 230 -230 1 8 99
memory 1319 1 1 800 -230 230 1 34 52
memory 1000 1 1 1100 230 -230 1 50 56
memory 1293 1 1 800 -230 230 1 8 98
memory 1805 1 1 650 230 -230 1 35 88
memory 1033 1 1 800 -230 230 1 32 83
memory 1694 2 2 500 -230 230 0 17 95
memory 1203 1 1 500 230 -230 1 33 74
memory 955 2 2 950 230 -230 0 34 66
memory 2563 2 2 950 230 -230 0 42 64
memory 1239 1 1 500 -230 230 1 41 68
memory 1152 1 1 650 230 -230 1 29 96
memory 1153 2 2 800 230 -230 0 37 92
memory 1299 1 1 1100 230 -230 1 42 74
memory 1975 2 2 500 230 -230 0 27 90
memory 903 1 1 1100 230 -230 1 32 74
memory 2296 2 2 650 -230 230 0 3 87
memory 1125 1 1 800 230 -230 1 10 78
memory 737 2 2 950 230 -230 0 45 51
memory 1875 1 1 800 -230 230 1 5 61
