memory 3000 3 -1 950 230 -230 0 19 63
memory 3000 3 -1 650 230 -230 0 13 100
memory 3000 3 -1 800 230 -230 0 21 54
memory 1953 1 1 650 230 -230 1 44 68
memory 2132 1 1 950 230 -230 1 26 76
memory 1552 2 2 650 -230 230 0 10 96
memory 1188 1 1 650 230 -230 1 48 99
memory 2864 1 1 650 -230 230 1 33 71
memory 1219 1 1 800 -230 230 1 45 74
memory 864 1 1 800 -230 230 1 34 87
memory 1539 1 1 800 230 -230 1 2 76
memory 3000 3 -1 650 -230 230 0 22 89
memory 1509 1 1 800 230 -230 1 17 88
memory 1471 1 1 500 -230 230 1 8 71
memory 3000 3 -1 800 230 -230 0 28 61
memory 2485 1 1 650 230 -230 1 8 57
memory 2794 1 1 1100 -230 230 1 24 90
memory 1873 2 2 950 230 -230 0 32 89
memory 1903 1 1 500 -230 230 1 21 94
memory 2667 1 1 800 -230 230 1 37 64
memory 1694 1 1 650 230 -230 1 35 76
memory 1360 1 1 500 -230 230 1 39 71
memory 1485 1 1 950 -230 230 1 6 82
memory 2794 2 2 500 -230 230 0 38 53
memory 1586 1 1 650 230 -230 1 21 61
memory 1301 1 1 800 230 -230 1 17 94
memory 1698 1 1 500 -230 230 1 6 64
memory 1544 1 1 650 230 -230 1 36 88
memory 1744 1 1 500 -230 230 1 33 98
memory 1575 1 1 500 -230 230 1 34 73
memory 1507 1 1 650 -230 230 1 20 87
memory 3000 3 -1 950 -230 230 0 42 65
memory 1403 1 1 800 230 -230 1 41 77
memory 1844 1 1 950 230 -230 1 29 72
memory 3000 3 -1 800 -230 230 0 17 91
memory 1372 1 1 950 -230 230 1 3 60
memory 1602 1 1 800 230 -230 1 34 75
memory 2081 1 1 800 -230 230 1 23 73
memory 2003 1 1 650 -230 230 1 49 94
memory 1493 1 1 650 -230 230 1 5 69
memory 1153 1 1 800 230 -230 1 41 60
memory 1949 1 1 650 -230 230 1 34 100
memory 2973 1 1 650 -230 230 1 46 68
memory 1433 1 1 950 230 -230 1 8 95
memory 2510 2 2 950 230 -230 0 50 53
memory 2380 2 2 950 230 -230 0 4 64
memory 1006 1 1 950 -230 230 1 35 68
memory 1721 1 1 650 -230 230 1 48 83
memory 1673 1 1 500 -230 230 1 24 65
memory 3000 3 -1 800 230 -230 0 17 67
