memory 1820 1 1 650 -230 230 1 20 63
memory 3000 3 -1 950 -230 230 0 22 77
memory 1833 1 1 650 230 -230 1 11 81
memory 1519 1 1 500 230 -230 1 6 65
memory 1136 1 1 950 230 -230 1 30 68
memory 1874 1 1 800 -230 230 1 12 80
memory 2780 1 1 650 230 -230 1 7 73
memory 1335 1 1 800 230 -230 1 21 69
memory 1036 1 1 500 230 -230 1 36 63
memory 1815 1 1 650 -230 230 1 16 100
memory 1988 1 1 950 230 -230 1 33 81
memory 2306 1 1 800 -230 230 1 10 98
memory 1465 1 1 800 230 -230 1 14 91
memory 1175 1 1 650 230 -230 1 37 53
memory 1540 1 1 500 -230 230 1 40 76
memory 2315 1 1 950 230 -230 1 39 57
memory 2028 1 1 500 -230 230 1 23 87
memory 1166 1 1 800 -230 230 1 3 90
memory 2151 1 1 800 230 -230 1 22 98
memory 1448 1 1 500 230 -230 1 10 97
memory 1324 1 1 650 230 -230 1 47 87
memory 1400 1 1 950 230 -230 1 16 56
memory 1772 1 1 950 230 -230 1 24 52
memory 1448 1 1 650 -230 230 1 49 71
memory 1448 1 1 500 230 -230 1 10 90
memory 1827 1 1 800 230 -230 1 41 77
memory 1584 1 1 650 -230 230 1 17 64
memory 1455 1 1 650 230 -230 1 36 79
memory 1824 1 1 500 -230 230 1 3 93
memory 1685 1 1 500 230 -230 1 28 75
memory 1289 1 1 650 230 -230 1 7 100
memory 1573 1 1 950 -230 230 1 41 94
memory 2159 1 1 800 230 -230 1 15 57
memory 1476 1 1 950 230 -230 1 9 100
memory 2706 1 1 950 -230 230 1 22 86
memory 2428 1 1 800 230 -230 1 23 62
memory 1730 1 1 800 230 -230 1 33 84
memory 1055 2 2 650 -230 230 0 1 98
memory 2171 1 1 800 -230 230 1 25 55
memory 1451 1 1 500 -230 230 1 8 95
memory 1679 1 1 800 230 -230 1 6 73
memory 2358 1 1 500 -230 230 1 2 100
memory 2715 1 1 950 -230 230 1 22 94
memory 881 1 1 500 -230 230 1 24 68
memory 1632 1 1 800 -230 230 1 43 97
memory 1861 1 1 650 -230 230 1 27 67
memory 1759 1 1 500 -230 230 1 20 66
memory 1348 1 1 650 -230 230 1 44 84
memory 1788 1 1 500 230 -230 1 40 70
memory 1351 1 1 500 230 -230 1 12 62
