memory 1282 2 2 1100 230 -230 0 2 97
memory 1561 2 2 800 -230 230 0 2 93
memory 759 2 2 500 -230 230 0 46 89
memory 1319 2 2 650 -230 230 0 21 74
memory 581 2 2 950 -230 230 0 47 56
memory 1752 2 2 500 230 -230 0 3 68
memory 2373 2 2 500 230 -230 0 30 86
memory 1058 2 2 650 230 -230 0 39 77
memory 793 2 2 950 230 -230 0 46 99
memory 708 2 2 950 230 -230 0 17 67
memory 700 2 2 950 230 -230 0 44 72
memory 1541 2 2 500 230 -230 0 37 91
memory 1210 2 2 500 -230 230 0 33 57
memory 1019 2 2 950 230 -230 0 42 96
memory 1513 1 1 950 230 -230 1 3 55
memory 1826 2 2 1100 230 -230 0 17 70
memory 1225 2 2 500 -230 230 0 19 76
memory 1871 2 2 950 -230 230 0 34 94
memory 1197 2 2 950 230 -230 0 9 52
memory 853 2 2 800 -230 230 0 44 78
memory 1003 2 2 800 -230 230 0 42 55
memory 1189 2 2 650 -230 230 0 39 72
memory 1426 2 2 950 230 -230 0 9 95
memory 1766 2 2 650 230 -230 0 40 93
memory 1150 1 1 800 230 -230 1 3 65
memory 2153 2 2 500 230 -230 0 43 74
memory 1163 1 1 500 230 -230 1 44 73
memory 1519 2 2 650 230 -230 0 34 75
memory 1118 2 2 950 -230 230 0 20 69
memory 1073 2 2 500 230 -230 0 35 87
memory 1172 2 2 1100 -230 230 0 39 78
memory 1139 2 2 1100 -230 230 0 39 63
memory 919 2 2 650 230 -230 0 34 78
memory 807 2 2 950 -230 230 0 17 57
memory 882 2 2 800 230 -230 0 12 83
memory 1865 2 2 800 -230 230 0 1 58
memory 2099 2 2 650 -230 230 0 46 62
memory 1318 2 2 650 -230 230 0 5 97
memory 1644 2 2 800 230 -230 0 7 65
memory 1591 2 2 1100 -230 230 0 30 82
memory 978 2 2 950 230 -230 0 26 52
memory 1088 2 2 650 230 -230 0 6 55
memory 1721 2 2 650 -230 230 0 45 54
memory 1167 2 2 650 230 -230 0 18 51
memory 1429 2 2 800 230 -230 0 13 85
memory 1188 2 2 950 -230 230 0 40 70
memory 1429 1 1 800 -230 230 1 11 84
memory 559 2 2 500 230 -230 0 39 97
memory 992 2 2 650 230 -230 0 9 68
memory 2111 2 2 500 230 -230 0 44 84
