memory 2709 1 1 800 -230 230 1 33 81
memory 1958 1 1 1100 230 -230 1 37 62
memory 3000 3 -1 800 -230 230 0 50 69
memory 1873 1 1 950 230 -230 1 4 60
memory 1624 2 2 950 -230 230 0 10 68
memory 2909 2 2 500 -230 230 0 9 81
memory 1435 1 1 650 230 -230 1 6 52
memory 2239 1 1 950 230 -230 1 21 63
memory 2180 1 1 500 230 -230 1 48 52
memory 1712 1 1 950 230 -230 1 44 83
memory 1821 1 1 800 -230 230 1 48 52
memory 1869 2 2 800 -230 230 0 27 62
memory 2695 2 2 500 230 -230 0 1 87
memory 1805 1 1 950 -230 230 1 29 67
memory 973 1 1 800 -230 230 1 6 94
memory 2331 2 2 650 230 -230 0 27 83
memory 2192 2 2 650 -230 230 0 19 70
memory 2283 1 1 950 230 -230 1 42 86
memory 1351 1 1 650 230 -230 1 48 84
memory 2190 1 1 800 230 -230 1 15 51
memory 2348 1 1 650 -230 230 1 34 92
memory 1599 1 1 950 230 -230 1 29 86
memory 2459 1 1 950 -230 230 1 22 89
memory 2026 1 1 650 230 -230 1 23 86
memory 2379 1 1 500 230 -230 1 15 87
memory 2236 2 2 650 -230 230 0 18 83
memory 1933 1 1 500 230 -230 1 24 57
memory 1936 1 1 650 -230 230 1 26 96
memory 3000 3 -1 650 230 -230 0 35 75
memory 2798 1 1 650 -230 230 1 43 77
memory 1060 1 1 950 -230 230 1 37 85
memory 878 1 1 800 -230 230 1 37 67
memory 2489 1 1 950 -230 230 1 28 100
memory 2171 1 1 800 230 -230 1 41 93
memory 1505 1 1 650 -230 230 1 50 77
memory 1085 1 1 650 -230 230 1 50 89
memory 2194 2 2 950 230 -230 0 3 79
memory 1931 1 1 1100 230 -230 1 1 95
memory 1383 1 1 950 -230 230 1 35 94
memory 2001 1 1 500 230 -230 1 15 69
memory 1366 1 1 650 -230 230 1 40 73
memory 2448 1 1 500 -230 230 1 5 76
memory 1441 1 1 800 230 -230 1 44 74
memory 2370 1 1 950 230 -230 1 27 52
memory 1396 1 1 500 -230 230 1 15 86
memory 3000 3 -1 500 -230 230 0 45 53
memory 1446 1 1 800 -230 230 1 41 72
memory 2620 1 1 650 -230 230 1 2 100
memory 2414 2 2 950 -230 230 0 46 86
memory 2258 2 2 950 230 -230 0 19 79
