memory 3000 3 -1 800 230 -230 0 1 61
memory 1809 1 1 650 230 -230 1 16 99
memory 1818 2 2 1100 -230 230 0 14 66
memory 1924 1 1 500 230 -230 1 39 77
memory 1494 1 1 500 230 -230 1 17 78
memory 1484 1 1 1100 230 -230 1 48 76
memory 1231 2 2 650 -230 230 0 50 73
memory 3000 3 -1 650 230 -230 0 25 76
memory 2705 2 2 800 -230 230 0 15 57
memory 1444 2 2 1100 -230 230 0 37 51
memory 1925 1 1 500 230 -230 1 23 69
memory 2018 1 1 800 230 -230 1 28 95
memory 1305 2 2 500 -230 230 0 47 62
memory 3000 3 -1 1100 230 -230 0 31 90
memory 948 2 2 950 230 -230 0 21 71
memory 1575 1 1 800 -230 230 1 2 83
memory 1612 2 2 1100 230 -230 0 7 89
memory 2215 1 1 800 230 -230 1 7 69
memory 1646 1 1 650 230 -230 1 15 79
memory 1563 2 2 1100 -230 230 0 22 72
memory 1758 1 1 950 -230 230 1 15 82
memory 2043 1 1 500 230 -230 1 28 59
memory 1857 2 2 650 -230 230 0 46 98
memory 2301 1 1 650 -230 230 1 44 85
memory 1575 1 1 1100 -230 230 1 38 93
memory 3000 3 -1 500 -230 230 0 47 67
memory 1241 2 2 950 -230 230 0 37 80
memory 1360 1 1 650 -230 230 1 21 64
memory 1610 2 2 800 230 -230 0 3 52
memory 1319 1 1 650 -230 230 1 10 73
memory 3000 3 -1 800 -230 230 0 43 57
memory 1167 2 2 950 230 -230 0 7 64
memory 1188 2 2 650 230 -230 0 38 57
memory 1281 1 1 650 -230 230 1 39 52
memory 1407 2 2 650 230 -230 0 30 89
memory 1965 2 2 650 230 -230 0 20 65
memory 921 1 1 800 -230 230 1 2 51
memory 1911 1 1 650 -230 230 1 40 66
memory 3000 3 -1 500 230 -230 0 45 66
memory 1282 1 1 650 230 -230 1 4 54
memory 743 1 1 1100 230 -230 1 38 87
memory 3000 3 -1 650 -230 230 0 22 83
memory 1500 2 2 800 230 -230 0 8 61
memory 1388 1 1 800 -230 230 1 37 53
memory 1732 2 2 650 230 -230 0 5 55
memory 2253 1 1 500 230 -230 1 8 83
memory 2858 1 1 950 -230 230 1 16 94
memory 1621 1 1 650 230 -230 1 15 99
memory 980 1 1 500 230 -230 1 4 77
memory 851 1 1 950 230 -230 1 43 99
