memory 1135 1 1 1100 230 -230 1 19 67
memory 1008 1 1 800 230 -230 1 22 68
memory 2111 2 2 650 230 -230 0 41 88
memory 1244 1 1 500 -230 230 1 2 88
memory 1229 1 1 800 230 -230 1 9 94
memory 1186 1 1 950 230 -230 1 5 63
memory 1980 1 1 800 230 -230 1 10 57
memory 973 1 1 650 230 -230 1 20 59
memory 1430 1 1 800 -230 230 1 21 58
memory 1371 1 1 950 230 -230 1 49 84
memory 2070 1 1 950 -230 230 1 6 51
memory 1240 1 1 800 230 -230 1 40 64
memory 1074 1 1 800 -230 230 1 28 78
memory 1241 1 1 500 230 -230 1 9 89
memory 1287 1 1 650 -230 230 1 21 98
memory 1851 1 1 800 230 -230 1 30 83
memory 1539 1 1 650 230 -230 1 17 61
memory 1226 1 1 800 230 -230 1 12 97
memory 668 1 1 500 230 -230 1 15 88
memory 1333 1 1 500 -230 230 1 28 81
memory 2079 2 2 650 230 -230 0 26 83
memory 1388 1 1 800 230 -230 1 27 84
memory 941 1 1 800 -230 230 1 49 84
memory 1346 1 1 950 -230 230 1 25 59
memory 1473 1 1 650 230 -230 1 36 74
memory 3000 3 -1 800 -230 230 0 4 52
memory 3000 3 -1 650 -230 230 0 26 80
memory 1347 1 1 800 230 -230 1 25 88
memory 1271 1 1 650 230 -230 1 15 90
memory 1106 1 1 500 -230 230 1 47 67
memory 1610 1 1 650 -230 230 1 32 65
memory 1904 1 1 650 -230 230 1 36 97
memory 1505 1 1 800 -230 230 1 37 98
memory 1435 1 1 650 -230 230 1 24 99
memory 1279 1 1 650 230 -230 1 31 70
memory 1530 1 1 950 230 -230 1 22 76
memory 1537 1 1 500 -230 230 1 7 74
memory 978 1 1 800 230 -230 1 21 97
memory 1340 1 1 950 230 -230 1 13 51
memory 1093 1 1 500 -230 230 1 16 86
memory 1778 2 2 650 230 -230 0 35 83
memory 1002 1 1 1100 230 -230 1 15 81
memory 810 1 1 650 -230 230 1 32 71
memory 1356 1 1 800 230 -230 1 24 59
memory 1372 1 1 500 -230 230 1 10 100
memory 1361 1 1 650 230 -230 1 16 72
memory 990 1 1 1100 230 -230 1 27 54
memory 1146 1 1 500 -230 230 1 21 54
memory 2269 1 1 650 230 -230 1 3 51
memory 1306 1 1 500 230 -230 1 41 95
