memory 1234 1 1 500 -230 230 1 36 80
memory 1090 1 1 800 230 -230 1 29 74
memory 1288 1 1 800 230 -230 1 28 78
memory 1098 1 1 500 -230 230 1 39 79
memory 1305 1 1 800 -230 230 1 21 68
memory 2929 1 1 950 230 -230 1 20 67
memory 2276 2 2 500 230 -230 0 6 57
memory 1584 1 1 1100 230 -230 1 11 93
memory 1659 1 1 500 -230 230 1 24 87
memory 1129 1 1 500 230 -230 1 21 71
memory 1380 1 1 650 230 -230 1 12 97
memory 1318 1 1 950 230 -230 1 7 63
memory 1348 2 2 800 230 -230 0 50 80
memory 1309 1 1 800 230 -230 1 29 51
memory 1830 1 1 500 -230 230 1 28 75
memory 1394 1 1 950 230 -230 1 16 94
memory 1342 1 1 650 -230 230 1 25 87
memory 2281 1 1 500 -230 230 1 35 89
memory 2353 1 1 800 230 -230 1 26 52
memory 2649 2 2 800 -230 230 0 2 64
memory 3000 3 -1 800 230 -230 0 38 68
memory 1550 1 1 800 230 -230 1 16 98
memory 1590 1 1 1100 230 -230 1 24 80
memory 1889 1 1 500 230 -230 1 11 82
memory 1828 1 1 500 230 -230 1 35 72
memory 1318 1 1 800 -230 230 1 4 80
memory 2024 1 1 800 230 -230 1 33 94
memory 1164 1 1 500 -230 230 1 10 95
memory 1789 1 1 950 230 -230 1 3 98
memory 1353 1 1 650 230 -230 1 38 57
memory 756 1 1 1100 230 -230 1 36 55
memory 3000 3 -1 650 230 -230 0 39 62
memory 1850 1 1 800 230 -230 1 25 82
memory 1145 1 1 500 -230 230 1 22 90
memory 951 1 1 650 230 -230 1 49 100
memory 1202 1 1 500 -230 230 1 42 63
memory 1185 1 1 650 230 -230 1 50 88
memory 1922 1 1 950 -230 230 1 47 56
memory 1775 1 1 950 230 -230 1 30 60
memory 1744 1 1 950 -230 230 1 8 99
memory 1404 2 2 650 230 -230 0 14 62
memory 1630 1 1 500 -230 230 1 35 76
memory 1548 1 1 650 230 -230 1 9 56
memory 1510 1 1 800 -230 230 1 27 93
memory 1834 1 1 500 230 -230 1 22 89
memory 1344 1 1 650 230 -230 1 37 79
memory 1586 1 1 950 230 -230 1 24 97
memory 1982 1 1 1100 230 -230 1 4 61
memory 2136 2 2 500 -230 230 0 14 65
memory 2163 1 1 800 230 -230 1 43 54
