memory 1787 1 1 800 230 -230 1 27 88
memory 769 1 1 1100 230 -230 1 28 91
memory 884 1 1 950 -230 230 1 32 96
memory 930 1 1 500 230 -230 1 14 72
memory 853 2 2 500 -230 230 0 40 96
memory 1179 1 1 800 -230 230 1 5 76
memory 884 1 1 950 230 -230 1 20 74
memory 1048 1 1 650 -230 230 1 34 60
memory 1296 1 1 1100 -230 230 1 11 93
memory 679 1 1 500 230 -230 1 26 90
memory 3000 3 -1 500 -230 230 0 16 71
memory 957 1 1 500 230 -230 1 29 86
memory 1836 2 2 650 -230 230 0 8 80
memory 1816 2 2 950 230 -230 0 40 51
memory 532 2 2 800 -230 230 0 40 69
memory 884 1 1 500 -230 230 1 23 92
memory 956 1 1 950 230 -230 1 34 90
memory 1872 1 1 500 230 -230 1 3 73
memory 1389 1 1 800 -230 230 1 29 91
memory 745 1 1 650 230 -230 1 1 59
memory 983 2 2 1100 -230 230 0 2 72
memory 1002 2 2 950 230 -230 0 24 91
memory 2257 1 1 1100 230 -230 1 34 78
memory 1250 1 1 650 -230 230 1 17 69
memory 959 1 1 800 -230 230 1 34 90
memory 1013 1 1 800 -230 230 1 40 83
memory 744 1 1 500 230 -230 1 44 52
memory 996 1 1 800 230 -230 1 37 81
memory 836 1 1 800 -230 230 1 22 66
memory 1143 1 1 650 230 -230 1 1 67
memory 913 1 1 500 230 -230 1 32 78
memory 591 2 2 1100 230 -230 0 2 51
memory 907 2 2 800 -230 230 0 50 63
memory 2626 2 2 950 -230 230 0 28 74
memory 989 1 1 500 230 -230 1 12 80
memory 728 1 1 800 -230 230 1 38 78
memory 870 1 1 950 -230 230 1 13 82
memory 751 2 2 500 -230 230 0 45 74
memory 1263 2 2 800 230 -230 0 42 97
memory 643 1 1 650 230 -230 1 43 70
memory 833 2 2 800 230 -230 0 19 88
memory 812 2 2 650 -230 230 0 20 78
memory 1098 2 2 950 -230 230 0 42 54
memory 809 1 1 650 230 -230 1 37 77
memory 684 2 2 800 -230 230 0 42 64
memory 1057 1 1 800 -230 230 1 27 55
memory 725 1 1 800 230 -230 1 32 97
memory 568 2 2 800 230 -230 0 20 94
memory 2009 1 1 950 -230 230 1 18 99
memory 2007 1 1 800 230 -230 1 2 77
