memory 2017 2 2 500 -230 230 0 18 78
memory 1847 1 1 800 230 -230 1 31 64
memory 1690 1 1 950 230 -230 1 43 83
memory 1981 2 2 500 -230 230 0 20 59
memory 2348 1 1 650 -230 230 1 39 62
memory 1314 1 1 650 -230 230 1 39 67
memory 2033 1 1 800 -230 230 1 7 61
memory 2578 2 2 950 -230 230 0 38 97
memory 1434 1 1 500 -230 230 1 13 80
memory 1609 1 1 650 -230 230 1 26 91
memory 1409 1 1 800 230 -230 1 20 79
memory 2410 2 2 650 -230 230 0 49 98
memory 2024 2 2 650 230 -230 0 33 97
memory 1579 2 2 950 230 -230 0 45 56
memory 1953 1 1 800 230 -230 1 29 94
memory 1474 1 1 500 230 -230 1 37 79
memory 2334 1 1 500 -230 230 1 49 54
memory 1810 2 2 800 -230 230 0 50 60
memory 1498 2 2 500 -230 230 0 33 68
memory 2083 1 1 950 -230 230 1 49 73
memory 2265 3 -1 500 230 -230 0 25 100
memory 1440 1 1 650 -230 230 1 50 89
memory 1531 2 2 800 -230 230 0 12 98
memory 1934 1 1 800 -230 230 1 45 93
memory 1172 2 2 500 230 -230 0 3 95
memory 1903 1 1 800 230 -230 1 21 91
memory 1830 1 1 650 230 -230 1 35 57
memory 1248 1 1 950 230 -230 1 25 80
memory 2092 2 2 800 230 -230 0 42 85
memory 2156 2 2 800 -230 230 0 8 77
memory 1465 1 1 650 230 -230 1 13 63
memory 951 2 2 500 -230 230 0 34 80
memory 1198 1 1 950 230 -230 1 48 78
memory 1725 2 2 800 230 -230 0 24 56
memory 2432 2 2 650 -230 230 0 24 95
memory 1423 2 2 650 -230 230 0 46 75
memory 2091 1 1 650 -230 230 1 13 66
memory 2338 1 1 650 230 -230 1 35 97
memory 1180 1 1 800 230 -230 1 42 85
memory 1542 2 2 650 -230 230 0 26 73
memory 1850 2 2 800 -230 230 0 28 63
memory 1036 2 2 1100 -230 230 0 17 85
memory 2041 1 1 800 230 -230 1 12 53
memory 1517 1 1 500 230 -230 1 4 71
memory 887 1 1 500 230 -230 1 35 61
memory 1578 2 2 650 230 -230 0 6 56
memory 2593 2 2 650 230 -230 0 22 69
memory 2313 1 1 500 230 -230 1 24 97
memory 1459 2 2 500 -230 230 0 16 95
memory 1063 1 1 650 230 -230 1 48 74
