memory 1138 1 1 500 230 -230 1 3 73
memory 1604 1 1 1100 230 -230 1 2 55
memory 1858 2 2 950 230 -230 0 21 71
memory 1268 1 1 800 230 -230 1 17 68
memory 1481 2 2 500 230 -230 0 34 69
memory 1524 2 2 500 -230 230 0 6 75
memory 1171 1 1 650 -230 230 1 11 68
memory 2763 1 1 650 -230 230 1 47 94
memory 964 1 1 500 -230 230 1 25 98
memory 938 2 2 800 230 -230 0 39 73
memory 1510 1 1 1100 -230 230 1 1 56
memory 1575 1 1 500 -230 230 1 13 97
memory 1410 1 1 1100 -230 230 1 2 64
memory 1284 1 1 500 230 -230 1 3 52
memory 1501 2 2 800 230 -230 0 4 89
memory 1345 1 1 800 230 -230 1 37 62
memory 1689 1 1 950 230 -230 1 25 94
memory 1393 1 1 800 -230 230 1 6 59
memory 1256 1 1 650 230 -230 1 5 73
memory 1252 1 1 500 230 -230 1 9 89
memory 1918 1 1 650 -230 230 1 22 70
memory 1680 2 2 950 230 -230 0 1 92
memory 1036 1 1 950 -230 230 1 24 98
memory 1587 2 2 650 230 -230 0 39 93
memory 1517 1 1 800 -230 230 1 10 83
memory 1076 1 1 650 -230 230 1 2 79
memory 1976 1 1 650 230 -230 1 14 93
memory 1361 1 1 1100 -230 230 1 35 61
memory 1194 1 1 500 230 -230 1 34 77
memory 975 1 1 500 -230 230 1 3 74
memory 890 2 2 800 230 -230 0 8 76
memory 2230 1 1 950 -230 230 1 20 54
memory 1240 2 2 1100 -230 230 0 50 73
memory 2009 1 1 800 230 -230 1 13 73
memory 1692 1 1 1100 -230 230 1 14 57
memory 1800 2 2 500 230 -230 0 47 59
memory 1879 1 1 650 230 -230 1 48 67
memory 2025 1 1 950 230 -230 1 50 88
memory 1093 1 1 950 -230 230 1 18 66
memory 1832 1 1 650 230 -230 1 43 88
memory 963 1 1 500 -230 230 1 18 75
memory 1561 1 1 950 230 -230 1 48 66
memory 1396 1 1 650 -230 230 1 45 52
memory 1384 1 1 650 230 -230 1 47 51
memory 2886 1 1 1100 230 -230 1 7 78
memory 2373 2 2 950 -230 230 0 44 86
memory 1008 2 2 950 230 -230 0 28 76
memory 1382 2 2 800 -230 230 0 38 73
memory 1405 1 1 1100 -230 230 1 37 90
memory 2625 1 1 500 -230 230 1 7 92
