memory 1964 2 2 650 230 -230 0 43 73
memory 1317 1 1 800 -230 230 1 14 88
memory 990 1 1 800 -230 230 1 44 96
memory 1023 1 1 650 -230 230 1 18 71
memory 1680 1 1 650 230 -230 1 34 74
memory 1060 1 1 950 -230 230 1 18 87
memory 1749 2 2 800 230 -230 0 8 73
memory 1635 1 1 800 230 -230 1 43 82
memory 2195 1 1 950 -230 230 1 38 57
memory 1414 1 1 500 230 -230 1 24 85
memory 2232 2 2 650 230 -230 0 48 84
memory 1315 1 1 500 -230 230 1 42 65
memory 1232 1 1 650 230 -230 1 13 69
memory 921 1 1 500 230 -230 1 34 69
memory 870 1 1 950 230 -230 1 44 94
memory 1499 1 1 950 230 -230 1 8 56
memory 1244 2 2 500 -230 230 0 32 73
memory 1738 2 2 500 230 -230 0 48 99
memory 632 2 2 800 230 -230 0 42 73
memory 1548 1 1 1100 230 -230 1 22 65
memory 1216 1 1 800 230 -230 1 33 91
memory 717 1 1 950 230 -230 1 34 86
memory 1136 1 1 950 -230 230 1 33 77
memory 2509 1 1 950 230 -230 1 5 91
memory 1488 1 1 500 230 -230 1 26 95
memory 1573 1 1 800 230 -230 1 9 98
memory 855 1 1 800 230 -230 1 1 91
memory 2109 1 1 650 230 -230 1 41 52
memory 1179 1 1 950 -230 230 1 23 57
memory 961 1 1 500 -230 230 1 24 100
memory 891 1 1 950 -230 230 1 1 71
memory 867 1 1 500 -230 230 1 15 57
memory 1029 1 1 650 -230 230 1 26 87
memory 2681 1 1 950 230 -230 1 41 59
memory 1045 1 1 950 -230 230 1 27 57
memory 2063 2 2 650 -230 230 0 49 84
memory 894 1 1 1100 230 -230 1 22 75
memory 744 1 1 500 230 -230 1 28 78
memory 1607 1 1 500 -230 230 1 8 61
memory 1212 2 2 650 -230 230 0 42 100
memory 1311 1 1 950 230 -230 1 43 52
memory 988 1 1 1100 -230 230 1 41 87
memory 1007 2 2 800 230 -230 0 6 99
memory 1585 1 1 950 -230 230 1 25 89
memory 2036 1 1 950 -230 230 1 49 75
memory 1711 1 1 500 230 -230 1 16 92
memory 1345 2 3 650 230 -230 0 50 64
memory 951 1 1 950 230 -230 1 16 78
memory 1321 1 1 800 -230 230 1 42 76
memory 852 1 1 950 -230 230 1 30 79
