memory 1289 2 2 500 -230 230 0 11 97
memory 1726 2 2 950 230 -230 0 6 58
memory 1912 2 2 950 230 -230 0 47 69
memory 1580 1 1 500 230 -230 1 17 81
memory 2422 2 2 500 -230 230 0 17 69
memory 1620 1 1 800 230 -230 1 19 81
memory 1527 1 1 800 230 -230 1 3 57
memory 1915 1 1 950 -230 230 1 18 75
memory 1466 2 2 1100 230 -230 0 20 60
memory 2315 2 2 1100 -230 230 0 24 54
memory 1757 2 2 800 230 -230 0 27 58
memory 1697 2 2 500 -230 230 0 26 88
memory 1696 2 2 500 230 -230 0 20 86
memory 934 1 1 800 -230 230 1 4 95
memory 3000 3 -1 650 230 -230 0 41 63
memory 1478 1 1 800 230 -230 1 16 93
memory 1863 1 1 500 -230 230 1 32 64
memory 2255 1 1 500 230 -230 1 28 73
memory 1304 1 1 1100 -230 230 1 15 75
memory 950 1 1 800 -230 230 1 50 65
memory 1302 2 2 800 -230 230 0 44 90
memory 1865 1 1 500 230 -230 1 49 67
memory 940 1 1 650 230 -230 1 36 89
memory 1788 2 2 800 -230 230 0 41 61
memory 2374 1 1 950 -230 230 1 42 84
memory 2256 1 1 1100 230 -230 1 42 81
memory 2262 1 1 800 230 -230 1 34 85
memory 1024 1 1 800 -230 230 1 28 85
memory 1223 2 2 500 230 -230 0 40 94
memory 1482 2 2 950 -230 230 0 49 51
memory 1983 1 1 500 -230 230 1 8 78
memory 2327 1 1 500 -230 230 1 1 72
memory 1981 1 1 500 -230 230 1 32 93
memory 765 1 1 500 -230 230 1 28 76
memory 1536 2 2 950 -230 230 0 19 100
memory 906 2 2 500 230 -230 0 13 100
memory 984 1 1 950 -230 230 1 1 52
memory 1411 1 1 1100 230 -230 1 49 87
memory 2222 1 1 650 230 -230 1 43 52
memory 1852 1 1 1100 230 -230 1 34 76
memory 2144 1 1 1100 -230 230 1 44 79
memory 2004 1 1 500 -230 230 1 14 52
memory 883 1 1 500 -230 230 1 26 78
memory 1582 1 1 800 230 -230 1 26 66
memory 1924 1 1 950 -230 230 1 8 72
memory 991 2 2 950 230 -230 0 47 54
memory 1629 1 1 500 -230 230 1 32 52
memory 2580 2 2 800 230 -230 0 25 78
memory 1960 2 2 650 -230 230 0 24 58
memory 1627 1 1 800 -230 230 1 5 98
