memory 2128 2 2 500 -230 230 0 27 95
memory 3000 3 -1 950 230 -230 0 8 74
memory 3000 3 -1 500 -230 230 0 3 60
memory 1664 2 2 500 230 -230 0 26 98
memory 1717 2 2 800 -230 230 0 18 61
memory 1995 2 2 800 -230 230 0 25 63
memory 2099 1 1 800 -230 230 1 49 75
memory 2008 1 1 500 230 -230 1 42 56
memory 1925 2 2 950 -230 230 0 42 63
memory 2015 2 2 950 230 -230 0 15 68
memory 1667 2 2 500 230 -230 0 26 82
memory 1490 2 2 800 -230 230 0 49 74
memory 2425 2 2 650 230 -230 0 17 78
memory 1046 1 1 800 -230 230 1 12 87
memory 1534 1 1 950 230 -230 1 40 57
memory 1440 1 1 1100 230 -230 1 45 87
memory 3000 3 -1 950 -230 230 0 41 90
memory 2587 2 2 650 -230 230 0 22 62
memory 1619 2 2 650 -230 230 0 23 56
memory 1997 1 1 500 230 -230 1 2 66
memory 2041 2 2 1100 230 -230 0 7 79
memory 2651 2 2 950 -230 230 0 12 71
memory 2197 2 2 800 230 -230 0 13 69
memory 2312 1 1 950 -230 230 1 18 75
memory 3000 3 -1 1100 -230 230 0 12 79
memory 2304 1 1 950 -230 230 1 47 97
memory 1373 2 2 500 -230 230 0 14 54
memory 1878 1 1 800 -230 230 1 28 97
memory 1726 2 2 500 -230 230 0 18 64
memory 3000 3 -1 650 230 -230 0 13 75
memory 2785 1 1 500 230 -230 1 44 61
memory 1392 2 2 950 -230 230 0 12 87
memory 2153 1 1 650 -230 230 1 2 91
memory 2169 1 1 1100 -230 230 1 31 67
memory 1344 2 2 950 -230 230 0 30 61
memory 1424 2 2 500 -230 230 0 28 71
memory 2014 1 1 800 230 -230 1 2 51
memory 821 1 1 1100 230 -230 1 2 71
memory 984 1 1 800 230 -230 1 46 84
memory 1214 2 2 800 -230 230 0 27 69
memory 2597 1 1 950 -230 230 1 31 56
memory 2080 2 2 500 -230 230 0 40 65
memory 2297 1 1 950 230 -230 1 38 54
memory 1200 1 1 500 230 -230 1 32 78
memory 1552 1 1 650 230 -230 1 14 54
memory 1082 2 2 650 -230 230 0 46 55
memory 1843 1 1 950 -230 230 1 19 95
memory 2813 1 1 950 230 -230 1 44 95
memory 1383 1 1 950 230 -230 1 22 56
memory 1367 2 2 650 -230 230 0 50 74
