memory 2439 1 1 1100 -230 230 1 32 65
memory 2491 2 2 500 -230 230 0 43 99
memory 2270 1 1 950 230 -230 1 33 57
memory 2516 2 2 650 230 -230 0 42 78
memory 1501 1 1 500 -230 230 1 5 95
memory 1474 2 2 500 230 -230 0 15 53
memory 1266 1 1 950 -230 230 1 23 60
memory 2035 1 1 650 230 -230 1 19 68
memory 2225 1 1 950 -230 230 1 16 84
memory 1739 1 1 950 -230 230 1 3 57
memory 2778 2 2 650 -230 230 0 39 98
memory 1514 1 1 1100 230 -230 1 42 67
memory 2536 2 2 650 230 -230 0 6 59
memory 1796 1 1 500 -230 230 1 13 68
memory 2934 1 1 950 230 -230 1 34 98
memory 3000 3 -1 800 230 -230 0 47 60
memory 1866 2 2 500 -230 230 0 10 78
memory 2099 2 2 500 230 -230 0 50 53
memory 2097 1 1 1100 230 -230 1 37 83
memory 2142 1 1 650 -230 230 1 30 90
memory 1876 2 2 500 -230 230 0 35 68
memory 1764 1 1 950 230 -230 1 8 79
memory 2933 1 1 950 -230 230 1 34 83
memory 2995 1 1 800 230 -230 1 6 87
memory 3000 3 -1 950 230 -230 0 47 87
memory 2068 2 2 650 230 -230 0 13 93
memory 1620 2 2 950 230 -230 0 38 57
memory 2082 1 1 950 230 -230 1 34 51
memory 2671 1 1 800 -230 230 1 35 100
memory 2937 1 1 950 -230 230 1 14 95
memory 1511 1 1 650 230 -230 1 34 96
memory 1413 1 1 650 -230 230 1 23 98
memory 1716 2 2 950 230 -230 0 45 60
memory 1549 1 1 950 -230 230 1 14 72
memory 2495 1 1 800 230 -230 1 39 69
memory 1678 1 1 650 230 -230 1 43 75
memory 1513 1 1 500 230 -230 1 50 58
memory 2228 1 1 500 -230 230 1 27 74
memory 1594 2 2 500 -230 230 0 2 78
memory 2431 2 2 950 230 -230 0 9 60
memory 1940 1 1 950 -230 230 1 29 54
memory 2021 1 1 950 230 -230 1 35 97
memory 1779 2 2 650 -230 230 0 45 98
memory 2537 2 2 800 230 -230 0 33 83
memory 1490 2 2 800 230 -230 0 17 68
memory 922 1 1 500 -230 230 1 14 81
memory 1728 1 1 1100 230 -230 1 50 55
memory 1823 1 1 500 -230 230 1 5 86
memory 1485 1 1 800 -230 230 1 42 66
memory 1318 2 2 950 230 -230 0 22 83
