memory 1419 1 1 500 -230 230 1 1 95
memory 1069 1 1 650 230 -230 1 44 75
memory 741 1 1 800 230 -230 1 2 67
memory 806 1 1 500 230 -230 1 49 62
memory 752 1 1 950 230 -230 1 45 78
memory 1096 1 1 950 -230 230 1 5 75
memory 1992 1 1 500 230 -230 1 10 93
memory 1330 1 1 500 -230 230 1 20 72
memory 1334 1 1 500 230 -230 1 3 92
memory 1050 1 1 650 230 -230 1 3 78
memory 1618 2 2 800 -230 230 0 12 81
memory 1845 1 1 800 230 -230 1 30 74
memory 1230 2 2 500 230 -230 0 32 66
memory 1201 1 1 950 -230 230 1 4 63
memory 1444 1 1 950 -230 230 1 13 97
memory 1624 2 2 800 -230 230 0 31 68
memory 1801 1 1 500 -230 230 1 48 64
memory 1371 1 1 650 230 -230 1 17 71
memory 2454 1 1 800 -230 230 1 37 51
memory 1934 2 2 500 -230 230 0 14 55
memory 1100 2 2 650 230 -230 0 38 77
memory 1498 1 1 1100 230 -230 1 16 79
memory 1874 2 2 950 230 -230 0 47 79
memory 1962 1 1 950 -230 230 1 13 90
memory 959 1 1 950 230 -230 1 45 87
memory 1384 1 1 800 -230 230 1 2 77
memory 943 1 1 1100 230 -230 1 49 76
memory 665 1 1 950 230 -230 1 45 60
memory 2387 1 1 500 230 -230 1 1 55
memory 1012 1 1 800 230 -230 1 2 68
memory 1464 1 1 500 230 -230 1 47 84
memory 1146 1 1 650 230 -230 1 17 69
memory 2514 2 2 950 230 -230 0 12 92
memory 1299 2 2 650 -230 230 0 40 83
memory 1554 1 1 950 -230 230 1 50 73
memory 1250 1 1 1100 230 -230 1 22 91
memory 1963 1 1 1100 -230 230 1 15 84
memory 1144 1 1 950 -230 230 1 29 69
memory 1235 1 1 500 230 -230 1 36 89
memory 1443 1 1 500 -230 230 1 29 64
memory 991 1 1 500 230 -230 1 33 97
memory 1743 2 2 500 -230 230 0 30 86
memory 1004 2 2 650 230 -230 0 26 81
memory 1089 1 1 650 230 -230 1 45 77
memory 1083 1 1 950 -230 230 1 39 83
memory 1493 2 2 650 -230 230 0 41 84
memory 1549 1 1 500 -230 230 1 31 57
memory 1517 1 1 500 230 -230 1 48 62
memory 1559 1 1 500 -230 230 1 8 95
memory 997 1 1 950 230 -230 1 22 64
