memory 943 1 1 950 230 -230 1 44 79
memory 1406 1 1 650 -230 230 1 8 55
memory 700 1 1 500 230 -230 1 30 74
memory 983 1 1 650 230 -230 1 11 96
memory 990 1 1 950 230 -230 1 20 53
memory 1269 1 1 650 -230 230 1 9 70
memory 826 1 1 500 -230 230 1 47 95
memory 949 1 1 1100 230 -230 1 4 92
memory 2156 2 2 950 230 -230 0 24 97
memory 1607 1 1 1100 -230 230 1 31 52
memory 1268 1 1 800 -230 230 1 42 73
memory 978 1 1 950 230 -230 1 3 86
memory 2036 1 1 500 230 -230 1 24 85
memory 1398 1 1 1100 -230 230 1 19 81
memory 3000 3 -1 950 -230 230 0 6 62
memory 1466 1 1 1100 -230 230 1 14 62
memory 721 1 1 950 230 -230 1 42 90
memory 2188 2 2 500 -230 230 0 15 60
memory 1880 1 1 800 -230 230 1 1 100
memory 1010 2 2 500 230 -230 0 43 60
memory 1321 1 1 650 -230 230 1 35 100
memory 1402 1 1 950 230 -230 1 29 59
memory 971 1 1 650 -230 230 1 8 86
memory 778 1 1 500 -230 230 1 38 78
memory 897 1 1 650 230 -230 1 20 68
memory 1293 2 2 800 230 -230 0 22 64
memory 944 1 1 500 230 -230 1 21 93
memory 1011 1 1 650 -230 230 1 24 58
memory 795 1 1 800 230 -230 1 29 97
memory 1164 1 1 500 230 -230 1 9 86
memory 2109 1 1 500 -230 230 1 43 51
memory 912 1 1 650 230 -230 1 8 65
memory 876 1 1 500 230 -230 1 12 73
memory 931 1 1 800 230 -230 1 47 73
memory 908 1 1 650 230 -230 1 15 99
memory 1728 1 1 950 -230 230 1 39 81
memory 938 2 2 650 230 -230 0 24 60
memory 1065 1 1 800 -230 230 1 21 73
memory 893 1 1 500 230 -230 1 8 90
memory 848 1 1 650 -230 230 1 22 77
memory 900 2 2 500 -230 230 0 2 76
memory 680 1 1 950 230 -230 1 12 69
memory 890 1 1 800 -230 230 1 3 88
memory 736 1 1 500 230 -230 1 44 53
memory 1267 1 1 800 230 -230 1 27 93
memory 889 1 1 950 -230 230 1 47 73
memory 1165 1 1 650 -230 230 1 48 68
memory 1681 1 1 950 230 -230 1 23 85
memory 927 1 1 500 -230 230 1 4 52
memory 961 1 1 800 230 -230 1 49 72
