memory 1029 1 1 500 -230 230 1 11 67
memory 2806 1 1 500 230 -230 1 15 62
memory 1842 1 1 500 -230 230 1 12 88
memory 1795 1 1 500 230 -230 1 42 89
memory 1524 2 2 800 230 -230 0 10 53
memory 3000 3 -1 500 -230 230 0 26 90
memory 1578 1 1 650 230 -230 1 32 59
memory 929 1 1 500 -230 230 1 22 91
memory 1249 1 1 500 -230 230 1 43 62
memory 985 1 1 800 230 -230 1 3 55
memory 1274 1 1 1100 230 -230 1 50 83
memory 1201 1 1 500 -230 230 1 40 95
memory 1195 1 1 950 230 -230 1 26 90
memory 982 1 1 650 230 -230 1 28 69
memory 1036 1 1 1100 -230 230 1 39 62
memory 1525 1 1 800 230 -230 1 45 93
memory 728 1 1 1100 -230 230 1 39 88
memory 1089 1 1 950 -230 230 1 1 88
memory 999 1 1 950 -230 230 1 9 56
memory 1220 1 1 500 230 -230 1 37 62
memory 903 1 1 500 230 -230 1 22 100
memory 814 1 1 650 230 -230 1 13 76
memory 978 1 1 950 230 -230 1 19 55
memory 1338 2 2 800 -230 230 0 44 54
memory 1565 1 1 800 230 -230 1 4 67
memory 1163 1 1 650 230 -230 1 39 63
memory 1073 1 1 650 -230 230 1 45 54
memory 654 1 1 500 -230 230 1 39 88
memory 1050 1 1 950 230 -230 1 1 96
memory 1039 1 1 950 -230 230 1 15 75
memory 1343 1 1 800 -230 230 1 35 95
memory 880 1 1 500 230 -230 1 43 82
memory 967 1 1 800 -230 230 1 2 90
memory 561 2 2 800 -230 230 0 2 100
memory 1074 2 2 950 230 -230 0 50 98
memory 609 1 1 800 230 -230 1 17 74
memory 491 2 2 800 -230 230 0 41 82
memory 1053 1 1 800 230 -230 1 14 96
memory 509 2 2 800 230 -230 0 8 65
memory 554 2 2 950 -230 230 0 22 88
memory 431 1 1 650 230 -230 1 49 63
memory 1532 2 2 1100 -230 230 0 12 63
memory 715 1 1 800 230 -230 1 10 63
memory 893 2 2 500 -230 230 0 36 62
memory 772 1 1 500 230 -230 1 17 84
memory 966 2 2 800 230 -230 0 24 63
memory 792 2 2 950 -230 230 0 35 79
memory 862 1 1 1100 230 -230 1 48 96
memory 837 1 1 800 -230 230 1 19 58
memory 904 1 1 800 -230 230 1 47 69
