memory 1718 2 2 950 230 -230 0 30 64
memory 1762 1 1 800 -230 230 1 43 66
memory 1723 1 1 800 -230 230 1 23 68
memory 1216 2 2 500 230 -230 0 18 71
memory 1878 1 1 650 -230 230 1 8 76
memory 1110 1 1 950 230 -230 1 13 75
memory 1046 1 1 800 230 -230 1 43 71
memory 1416 1 1 500 230 -230 1 5 71
memory 1677 2 2 650 230 -230 0 4 96
memory 1909 2 2 950 -230 230 0 24 94
memory 1438 1 1 500 230 -230 1 18 99
memory 1473 1 1 950 -230 230 1 19 89
memory 2383 1 1 500 230 -230 1 16 54
memory 1763 1 1 800 -230 230 1 41 81
memory 965 1 1 1100 230 -230 1 35 76
memory 1058 1 1 800 -230 230 1 26 60
memory 1587 2 2 800 -230 230 0 13 75
memory 2205 2 2 950 230 -230 0 17 82
memory 1844 1 1 800 230 -230 1 17 63
memory 2069 2 2 650 -230 230 0 11 98
memory 1054 1 1 950 230 -230 1 20 88
memory 1126 1 1 650 230 -230 1 23 100
memory 1265 1 1 800 230 -230 1 1 90
memory 1156 1 1 1100 -230 230 1 36 88
memory 2240 1 1 950 -230 230 1 49 85
memory 1380 1 1 500 -230 230 1 19 61
memory 2441 1 1 650 230 -230 1 13 90
memory 1500 1 1 800 -230 230 1 42 66
memory 1649 2 2 500 230 -230 0 49 95
memory 1834 1 1 500 -230 230 1 30 87
memory 1149 1 1 1100 230 -230 1 19 64
memory 1597 1 1 500 230 -230 1 19 82
memory 1937 1 1 650 -230 230 1 7 74
memory 1551 1 1 800 -230 230 1 44 80
memory 3000 3 -1 800 -230 230 0 48 88
memory 2486 1 1 500 -230 230 1 49 51
memory 1769 1 1 800 230 -230 1 4 88
memory 1388 1 1 1100 230 -230 1 50 98
memory 1442 1 1 500 -230 230 1 44 55
memory 1158 1 1 500 -230 230 1 35 76
memory 1168 2 2 950 230 -230 0 24 99
memory 1559 1 1 500 230 -230 1 26 55
memory 1175 2 2 950 -230 230 0 18 62
memory 2192 1 1 650 -230 230 1 36 66
memory 3000 3 -1 950 230 -230 0 49 78
memory 1580 1 1 800 230 -230 1 41 78
memory 2383 1 1 1100 -230 230 1 15 83
memory 1956 1 1 650 -230 230 1 29 85
memory 2960 1 1 800 -230 230 1 47 67
memory 2825 2 2 950 230 -230 0 33 68
