memory 3000 3 -1 500 -230 230 0 2 89
memory 445 1 1 500 -230 230 1 34 67
memory 594 2 2 650 230 -230 0 46 84
memory 1388 1 1 800 -230 230 1 5 79
memory 677 2 2 950 -230 230 0 44 51
memory 598 2 2 1100 230 -230 0 34 59
memory 953 1 1 650 230 -230 1 32 53
memory 505 1 1 950 -230 230 1 2 85
memory 1478 1 1 950 -230 230 1 45 99
memory 1316 1 1 650 230 -230 1 19 98
memory 1450 1 1 800 -230 230 1 49 62
memory 1752 2 2 650 230 -230 0 29 84
memory 755 1 1 650 230 -230 1 11 91
memory 992 1 1 650 230 -230 1 16 63
memory 734 2 2 800 -230 230 0 39 77
memory 1608 1 1 950 -230 230 1 18 97
memory 1315 1 1 950 230 -230 1 29 85
memory 1664 1 1 950 230 -230 1 23 79
memory 1291 1 1 950 -230 230 1 17 85
memory 1255 1 1 500 -230 230 1 21 69
memory 1038 1 1 950 230 -230 1 18 60
memory 1216 1 1 800 230 -230 1 47 85
memory 1284 2 2 800 230 -230 0 22 98
memory 1120 1 1 800 230 -230 1 42 69
memory 679 1 1 800 230 -230 1 44 64
memory 1298 1 1 800 230 -230 1 50 93
memory 639 1 1 800 230 -230 1 28 52
memory 1153 1 1 950 230 -230 1 15 86
memory 1100 1 1 950 230 -230 1 15 86
memory 1215 1 1 650 -230 230 1 9 78
memory 1200 1 1 500 -230 230 1 9 95
memory 1024 1 1 650 230 -230 1 34 99
memory 848 1 1 800 -230 230 1 24 52
memory 856 1 1 500 -230 230 1 16 96
memory 661 2 2 650 230 -230 0 25 97
memory 707 1 1 800 -230 230 1 17 98
memory 849 1 1 500 -230 230 1 6 93
memory 976 1 1 950 -230 230 1 21 52
memory 1354 1 1 1100 230 -230 1 46 69
memory 965 1 1 650 -230 230 1 8 79
memory 858 1 1 500 -230 230 1 38 63
memory 881 1 1 1100 -230 230 1 9 56
memory 1012 2 2 1100 -230 230 0 27 95
memory 612 1 1 500 230 -230 1 45 68
memory 975 1 1 950 -230 230 1 21 71
memory 1001 1 1 800 -230 230 1 14 77
memory 1285 1 1 800 230 -230 1 12 54
memory 1446 2 2 1100 230 -230 0 34 99
memory 1730 2 2 950 -230 230 0 25 85
memory 1042 1 1 500 230 -230 1 42 99
