memory 953 2 2 500 230 -230 0 36 57
memory 1075 2 2 950 230 -230 0 42 76
memory 1102 1 1 800 230 -230 1 22 59
memory 1016 1 1 500 -230 230 1 45 96
memory 1354 1 1 500 -230 230 1 10 77
memory 550 1 1 800 -230 230 1 1 81
memory 1028 1 1 650 -230 230 1 45 77
memory 1133 1 1 500 -230 230 1 8 88
memory 1045 1 1 800 -230 230 1 33 78
memory 1221 1 1 650 230 -230 1 4 89
memory 691 1 1 650 230 -230 1 1 55
memory 1024 2 2 650 230 -230 0 47 55
memory 1214 1 1 500 -230 230 1 10 65
memory 976 2 2 950 230 -230 0 5 59
memory 1276 1 1 950 -230 230 1 47 99
memory 1148 2 2 950 230 -230 0 43 54
memory 851 1 1 500 -230 230 1 49 54
memory 975 2 2 500 230 -230 0 44 56
memory 1437 1 1 800 230 -230 1 32 84
memory 1246 1 1 800 -230 230 1 31 90
memory 1428 2 2 650 -230 230 0 13 57
memory 1959 1 1 500 -230 230 1 41 89
memory 1776 1 1 650 -230 230 1 24 68
memory 1505 1 1 500 230 -230 1 11 78
memory 948 1 1 1100 230 -230 1 37 86
memory 1594 1 1 500 230 -230 1 40 100
memory 1458 2 2 500 230 -230 0 44 68
memory 1071 1 1 650 -230 230 1 16 76
memory 929 1 1 500 230 -230 1 19 77
memory 1035 2 2 1100 230 -230 0 35 75
memory 1008 1 1 800 230 -230 1 27 83
memory 885 1 1 800 230 -230 1 18 88
memory 1096 1 1 950 -230 230 1 19 65
memory 1421 1 1 950 230 -230 1 39 73
memory 2217 1 1 800 -230 230 1 18 91
memory 1723 1 1 1100 -230 230 1 48 89
memory 817 1 1 650 -230 230 1 45 99
memory 880 1 1 650 230 -230 1 6 99
memory 1415 1 1 950 230 -230 1 11 100
memory 1007 1 1 800 230 -230 1 1 63
memory 971 1 1 950 -230 230 1 39 84
memory 1679 1 1 1100 230 -230 1 18 82
memory 805 1 1 650 230 -230 1 5 70
memory 1858 1 1 650 -230 230 1 47 88
memory 1567 1 1 800 -230 230 1 12 88
memory 864 1 1 650 -230 230 1 47 83
memory 1462 2 2 950 230 -230 0 32 71
memory 976 1 1 800 230 -230 1 47 77
memory 1126 2 2 500 230 -230 0 43 54
memory 1397 1 1 650 230 -230 1 27 57
