memory 1484 1 1 950 230 -230 1 2 94
memory 1412 1 1 800 -230 230 1 27 59
memory 1650 1 1 650 230 -230 1 10 98
memory 1198 1 1 1100 -230 230 1 20 54
memory 1308 1 1 950 230 -230 1 21 59
memory 1295 1 1 800 -230 230 1 15 56
memory 1331 1 1 650 -230 230 1 13 97
memory 1555 1 1 500 230 -230 1 36 87
memory 1108 1 1 650 230 -230 1 31 88
memory 1056 1 1 650 -230 230 1 28 94
memory 1223 1 1 950 230 -230 1 42 51
memory 1983 2 2 500 230 -230 0 5 96
memory 1153 1 1 950 -230 230 1 42 82
memory 1124 1 1 500 -230 230 1 5 57
memory 1247 1 1 1100 230 -230 1 25 87
memory 1740 1 1 950 230 -230 1 22 51
memory 1405 1 1 950 -230 230 1 36 77
memory 927 1 1 500 -230 230 1 20 51
memory 1240 1 1 800 230 -230 1 29 100
memory 1571 1 1 800 -230 230 1 43 70
memory 749 1 1 500 -230 230 1 1 77
memory 1126 1 1 500 -230 230 1 26 99
memory 1731 2 2 650 230 -230 0 47 100
memory 1093 1 1 800 230 -230 1 3 79
memory 1529 1 1 950 230 -230 1 44 82
memory 3000 3 -1 500 230 -230 0 49 65
memory 1265 1 1 650 230 -230 1 15 94
memory 1126 1 1 950 -230 230 1 43 85
memory 975 1 1 1100 -230 230 1 27 79
memory 1322 1 1 500 230 -230 1 5 83
memory 1871 1 1 1100 230 -230 1 23 54
memory 1166 1 1 500 230 -230 1 46 77
memory 1684 1 1 500 -230 230 1 7 66
memory 847 1 1 650 -230 230 1 18 73
memory 1111 1 1 950 230 -230 1 46 83
memory 1108 1 1 950 230 -230 1 10 79
memory 1350 1 1 650 230 -230 1 11 79
memory 1809 1 1 950 -230 230 1 32 85
memory 1071 1 1 500 230 -230 1 29 59
memory 1088 1 1 950 230 -230 1 4 85
memory 1671 1 1 800 -230 230 1 14 94
memory 2198 1 1 650 -230 230 1 41 60
memory 1214 1 1 950 230 -230 1 26 58
memory 2149 1 1 650 -230 230 1 2 72
memory 1662 1 1 650 230 -230 1 9 90
memory 1859 1 1 800 -230 230 1 30 65
memory 998 1 1 500 -230 230 1 18 51
memory 1840 1 1 650 230 -230 1 16 90
memory 1052 1 1 650 -230 230 1 26 77
memory 1087 1 1 950 230 -230 1 46 79
