memory 1011 1 1 500 230 -230 1 4 71
memory 1187 2 2 500 230 -230 0 24 100
memory 1522 1 1 800 230 -230 1 2 68
memory 2020 2 2 500 -230 230 0 38 67
memory 1061 1 1 650 230 -230 1 29 76
memory 1869 1 1 500 230 -230 1 22 89
memory 1380 1 1 950 -230 230 1 38 68
memory 1497 2 2 500 230 -230 0 40 56
memory 1918 1 1 950 230 -230 1 8 97
memory 1282 2 2 500 -230 230 0 17 80
memory 1366 1 1 800 230 -230 1 33 84
memory 1494 1 1 650 230 -230 1 40 75
memory 918 1 1 800 230 -230 1 8 64
memory 1189 1 1 650 -230 230 1 4 78
memory 1941 2 2 500 230 -230 0 7 95
memory 1408 2 2 650 -230 230 0 31 91
memory 1054 1 1 800 -230 230 1 8 92
memory 1754 1 1 950 -230 230 1 34 57
memory 1732 1 1 1100 230 -230 1 34 82
memory 988 1 1 800 230 -230 1 39 54
memory 1074 1 1 650 230 -230 1 18 55
memory 914 1 1 500 230 -230 1 5 78
memory 864 1 1 650 230 -230 1 29 61
memory 1339 2 2 950 -230 230 0 13 88
memory 1252 2 2 800 -230 230 0 7 62
memory 2332 2 2 950 230 -230 0 23 97
memory 2212 1 1 950 230 -230 1 37 89
memory 1324 2 2 650 230 -230 0 21 100
memory 1825 1 1 800 230 -230 1 43 70
memory 1608 1 1 800 -230 230 1 6 74
memory 1435 2 2 950 230 -230 0 22 51
memory 1846 1 1 650 -230 230 1 8 80
memory 1086 1 1 800 -230 230 1 44 54
memory 1317 2 2 1100 -230 230 0 24 86
memory 1593 1 1 800 230 -230 1 37 56
memory 1292 2 2 800 -230 230 0 30 56
memory 1827 1 1 500 -230 230 1 37 64
memory 1462 1 1 950 -230 230 1 45 71
memory 2629 1 1 800 230 -230 1 27 79
memory 1133 2 2 500 230 -230 0 8 77
memory 1529 2 2 500 230 -230 0 26 81
memory 1048 1 1 500 -230 230 1 1 53
memory 1009 2 2 950 230 -230 0 48 55
memory 1462 1 1 500 230 -230 1 33 73
memory 962 1 1 500 230 -230 1 28 64
memory 962 1 1 500 230 -230 1 1 84
memory 1940 1 1 500 230 -230 1 41 66
memory 1115 1 1 500 -230 230 1 4 83
memory 778 1 1 1100 -230 230 1 33 53
memory 2238 1 1 650 230 -230 1 30 73
