memory 1741 1 1 800 -230 230 1 37 69
memory 1117 1 1 1100 230 -230 1 17 75
memory 2569 1 1 650 230 -230 1 28 77
memory 1805 1 1 650 -230 230 1 19 59
memory 950 1 1 500 -230 230 1 36 76
memory 1272 1 1 950 230 -230 1 33 88
memory 1087 1 1 500 230 -230 1 46 89
memory 1821 1 1 1100 -230 230 1 7 57
memory 1483 1 1 950 -230 230 1 42 62
memory 1325 1 1 650 -230 230 1 33 53
memory 1956 1 1 500 230 -230 1 25 81
memory 1435 1 1 800 -230 230 1 41 96
memory 1332 1 1 500 230 -230 1 40 86
memory 1654 1 1 650 230 -230 1 24 59
memory 1051 1 1 650 -230 230 1 46 87
memory 1339 1 1 950 230 -230 1 35 90
memory 1054 1 1 950 230 -230 1 34 82
memory 1404 1 1 500 230 -230 1 20 62
memory 1161 1 1 650 230 -230 1 16 76
memory 1335 1 1 800 230 -230 1 27 73
memory 1566 1 1 650 230 -230 1 6 76
memory 1075 1 1 500 -230 230 1 13 70
memory 1772 1 1 950 230 -230 1 48 58
memory 1096 1 1 800 230 -230 1 16 52
memory 2015 2 2 500 230 -230 0 43 79
memory 2403 1 1 500 230 -230 1 47 69
memory 1830 1 1 650 230 -230 1 32 74
memory 1033 1 1 650 230 -230 1 3 87
memory 1731 1 1 650 -230 230 1 50 63
memory 1248 1 1 500 -230 230 1 24 51
memory 1382 2 2 650 -230 230 0 49 99
memory 1116 1 1 500 -230 230 1 38 63
memory 766 1 1 650 -230 230 1 38 94
memory 1912 1 1 800 230 -230 1 47 74
memory 2149 1 1 800 230 -230 1 48 67
memory 1092 1 1 800 230 -230 1 21 54
memory 1290 1 1 500 230 -230 1 50 96
memory 1005 1 1 650 230 -230 1 20 95
memory 886 1 1 500 230 -230 1 38 56
memory 1273 1 1 650 -230 230 1 33 62
memory 1274 1 1 950 230 -230 1 21 71
memory 1387 1 1 650 230 -230 1 45 76
memory 2000 1 1 950 -230 230 1 43 83
memory 1230 1 1 950 230 -230 1 17 71
memory 1621 1 1 650 230 -230 1 37 93
memory 1768 1 1 800 -230 230 1 32 87
memory 1500 1 1 650 230 -230 1 24 65
memory 1043 1 1 650 230 -230 1 29 76
memory 1675 1 1 500 230 -230 1 39 89
memory 1028 2 2 1100 230 -230 0 22 67
