memory 1752 1 1 500 -230 230 1 11 85
memory 1507 1 1 800 -230 230 1 36 51
memory 2485 1 1 950 230 -230 1 33 65
memory 1564 1 1 800 -230 230 1 22 73
memory 1665 1 1 500 230 -230 1 5 73
memory 1594 1 1 650 230 -230 1 45 79
memory 1233 1 1 950 230 -230 1 22 76
memory 1211 1 1 1100 230 -230 1 23 85
memory 2635 1 1 800 -230 230 1 29 60
memory 1271 1 1 650 -230 230 1 5 81
memory 3000 3 -1 950 230 -230 0 6 75
memory 1405 1 1 650 230 -230 1 2 87
memory 1365 1 1 500 230 -230 1 21 86
memory 1227 1 1 650 230 -230 1 27 86
memory 910 1 1 500 230 -230 1 47 62
memory 1138 1 1 950 230 -230 1 31 62
memory 1931 1 1 500 -230 230 1 4 73
memory 799 1 1 950 -230 230 1 5 83
memory 1199 1 1 650 -230 230 1 36 63
memory 1270 1 1 650 -230 230 1 15 70
memory 1849 1 1 800 230 -230 1 32 71
memory 1724 2 2 950 -230 230 0 19 84
memory 1365 1 1 950 230 -230 1 37 85
memory 2150 1 1 800 -230 230 1 45 94
memory 1799 1 1 800 -230 230 1 33 61
memory 1320 1 1 1100 -230 230 1 11 64
memory 836 1 1 800 -230 230 1 37 81
memory 1410 1 1 1100 230 -230 1 14 52
memory 943 1 1 800 230 -230 1 31 71
memory 1028 1 1 500 230 -230 1 27 92
memory 995 1 1 650 230 -230 1 34 95
memory 2706 1 1 800 230 -230 1 18 53
memory 819 1 1 800 230 -230 1 27 85
memory 1265 2 2 500 -230 230 0 19 94
memory 1853 1 1 950 -230 230 1 32 71
memory 2413 1 1 650 230 -230 1 4 69
memory 1524 1 1 500 -230 230 1 5 90
memory 1546 1 1 650 -230 230 1 33 70
memory 2113 2 2 950 -230 230 0 38 84
memory 1031 2 2 800 -230 230 0 24 81
memory 1479 2 2 500 -230 230 0 12 61
memory 778 1 1 1100 230 -230 1 31 59
memory 1899 1 1 500 230 -230 1 38 56
memory 1697 1 1 500 -230 230 1 36 57
memory 1354 1 1 800 230 -230 1 27 67
memory 3000 3 -1 500 -230 230 0 49 91
memory 2621 1 1 650 230 -230 1 48 98
memory 1758 1 1 1100 -230 230 1 18 91
memory 1202 1 1 800 230 -230 1 15 87
memory 1423 2 2 950 -230 230 0 45 62
