memory 1986 1 1 950 -230 230 1 32 88
memory 1289 1 1 500 -230 230 1 6 70
memory 1459 1 1 500 -230 230 1 26 96
memory 1931 1 1 650 230 -230 1 32 58
memory 1693 1 1 650 -230 230 1 40 70
memory 1149 1 1 500 -230 230 1 26 62
memory 1215 1 1 500 -230 230 1 15 67
memory 1759 1 1 800 230 -230 1 36 94
memory 1497 1 1 1100 230 -230 1 19 63
memory 1214 1 1 950 230 -230 1 8 80
memory 1123 1 1 1100 230 -230 1 15 71
memory 1382 1 1 950 230 -230 1 49 60
memory 2023 1 1 1100 230 -230 1 24 58
memory 1543 1 1 950 -230 230 1 22 80
memory 2196 1 1 500 230 -230 1 15 52
memory 2944 1 1 650 230 -230 1 20 71
memory 1569 1 1 1100 230 -230 1 16 64
memory 1964 1 1 650 -230 230 1 22 79
memory 1940 1 1 950 230 -230 1 30 90
memory 2360 1 1 1100 -230 230 1 8 86
memory 1640 1 1 800 230 -230 1 11 98
memory 1618 1 1 950 -230 230 1 11 55
memory 1879 1 1 800 230 -230 1 17 90
memory 1262 1 1 1100 230 -230 1 48 85
memory 2756 1 1 800 230 -230 1 22 58
memory 1899 1 1 500 -230 230 1 4 73
memory 1190 1 1 500 -230 230 1 5 80
memory 1443 1 1 800 -230 230 1 19 65
memory 1767 1 1 800 230 -230 1 43 68
memory 2007 1 1 1100 -230 230 1 41 79
memory 1607 1 1 650 230 -230 1 42 58
memory 1209 1 1 500 230 -230 1 32 86
memory 1863 1 1 800 -230 230 1 35 57
memory 1300 1 1 950 -230 230 1 7 95
memory 3000 3 -1 500 230 -230 0 28 90
memory 1687 1 1 500 230 -230 1 34 99
memory 3000 3 -1 950 -230 230 0 9 88
memory 1279 1 1 950 -230 230 1 7 68
memory 1748 1 1 650 -230 230 1 40 64
memory 1834 1 1 650 230 -230 1 35 69
memory 1885 1 1 950 230 -230 1 37 51
memory 1401 1 1 500 230 -230 1 49 86
memory 1123 1 1 800 230 -230 1 5 77
memory 1565 1 1 950 -230 230 1 23 98
memory 3000 3 -1 500 -230 230 0 2 70
memory 1497 1 1 800 230 -230 1 17 99
memory 1397 1 1 500 -230 230 1 23 81
memory 2103 1 1 650 230 -230 1 29 79
memory 1218 1 1 950 -230 230 1 6 62
memory 1794 1 1 500 230 -230 1 21 86
