memory 1802 1 1 650 230 -230 1 7 84
memory 1390 1 1 1100 230 -230 1 29 69
memory 1241 1 1 500 230 -230 1 25 92
memory 1363 2 2 1100 -230 230 0 2 85
memory 1885 2 2 800 230 -230 0 48 52
memory 1323 1 1 800 230 -230 1 48 85
memory 942 1 1 800 230 -230 1 4 64
memory 1665 2 2 950 230 -230 0 19 71
memory 1531 1 1 950 230 -230 1 44 86
memory 683 1 1 500 230 -230 1 48 78
memory 888 1 1 650 230 -230 1 47 92
memory 1712 2 2 500 230 -230 0 12 91
memory 2542 1 1 950 -230 230 1 32 80
memory 1445 2 2 650 -230 230 0 45 80
memory 1435 2 2 950 -230 230 0 8 95
memory 787 1 1 950 230 -230 1 50 54
memory 1536 1 1 800 230 -230 1 37 65
memory 1145 1 1 800 230 -230 1 1 80
memory 1144 1 1 800 230 -230 1 1 77
memory 774 1 1 950 230 -230 1 3 77
memory 1360 2 2 800 230 -230 0 45 60
memory 822 1 1 500 -230 230 1 1 59
memory 1096 2 2 800 -230 230 0 32 52
memory 1655 1 1 650 230 -230 1 39 68
memory 1569 1 1 950 230 -230 1 9 66
memory 781 2 2 500 -230 230 0 19 73
memory 921 1 1 800 230 -230 1 40 72
memory 3000 3 -1 800 -230 230 0 6 89
memory 2489 1 1 650 -230 230 1 13 65
memory 2349 2 2 650 230 -230 0 46 91
memory 1181 1 1 500 230 -230 1 39 97
memory 2165 2 2 650 230 -230 0 10 76
memory 1560 1 1 950 -230 230 1 37 94
memory 1490 1 1 950 -230 230 1 46 93
memory 1752 2 2 950 -230 230 0 16 100
memory 1775 2 2 800 -230 230 0 22 71
memory 1604 1 1 650 230 -230 1 6 58
memory 1726 1 1 650 230 -230 1 29 68
memory 1614 1 1 950 -230 230 1 17 64
memory 1375 2 2 500 230 -230 0 28 79
memory 1589 1 1 800 -230 230 1 13 58
memory 2350 2 2 950 -230 230 0 11 93
memory 2544 2 2 950 230 -230 0 24 69
memory 1907 2 2 500 -230 230 0 19 55
memory 2004 1 1 650 230 -230 1 12 57
memory 1437 1 1 500 230 -230 1 10 73
memory 1460 1 1 1100 230 -230 1 13 65
memory 1358 1 1 650 230 -230 1 10 92
memory 1300 1 1 800 230 -230 1 44 69
memory 1140 1 1 950 230 -230 1 22 67
