memory 2414 1 1 800 230 -230 1 9 52
memory 1634 1 1 800 -230 230 1 44 51
memory 2126 1 1 500 230 -230 1 43 98
memory 1912 1 1 650 -230 230 1 25 80
memory 1084 1 1 500 230 -230 1 44 69
memory 2645 1 1 1100 230 -230 1 8 81
memory 938 1 1 650 230 -230 1 32 87
memory 1822 1 1 950 -230 230 1 49 53
memory 1403 1 1 950 230 -230 1 33 79
memory 1464 1 1 800 -230 230 1 10 51
memory 1995 1 1 800 -230 230 1 37 96
memory 1396 1 1 500 230 -230 1 19 83
memory 811 1 1 500 -230 230 1 27 82
memory 1342 2 2 800 -230 230 0 38 74
memory 1401 1 1 950 -230 230 1 35 60
memory 729 1 1 800 -230 230 1 32 91
memory 971 1 1 800 -230 230 1 50 63
memory 1382 1 1 800 -230 230 1 7 64
memory 1330 1 1 500 -230 230 1 5 78
memory 647 1 1 500 -230 230 1 10 75
memory 638 1 1 800 -230 230 1 30 85
memory 2302 1 1 1100 -230 230 1 18 97
memory 2300 1 1 500 -230 230 1 42 71
memory 1592 1 1 800 230 -230 1 46 69
memory 948 1 1 800 230 -230 1 26 98
memory 2032 1 1 1100 230 -230 1 36 83
memory 1073 1 1 800 -230 230 1 41 56
memory 1064 1 1 500 230 -230 1 4 63
memory 662 1 1 650 230 -230 1 29 91
memory 635 1 1 800 230 -230 1 4 70
memory 950 1 1 950 -230 230 1 29 85
memory 1592 1 1 650 -230 230 1 34 80
memory 1509 1 1 950 -230 230 1 50 77
memory 2031 1 1 800 230 -230 1 9 89
memory 1999 1 1 650 -230 230 1 47 72
memory 968 1 1 500 230 -230 1 8 84
memory 986 1 1 950 -230 230 1 34 88
memory 1111 1 1 950 230 -230 1 15 87
memory 1411 1 1 800 230 -230 1 14 75
memory 1161 1 1 1100 -230 230 1 45 78
memory 1271 1 1 650 -230 230 1 18 94
memory 2877 1 1 500 230 -230 1 8 53
memory 1096 1 1 650 230 -230 1 1 100
memory 1544 1 1 650 230 -230 1 24 51
memory 1728 1 1 950 -230 230 1 39 64
memory 1094 1 1 650 230 -230 1 50 51
memory 967 1 1 650 -230 230 1 3 100
memory 1404 1 1 500 230 -230 1 13 80
memory 1241 1 1 500 230 -230 1 27 94
memory 806 1 1 650 230 -230 1 49 52
